7381.542116165887  18.761816076206845
7131.404331277886  19.638945661695786
7181.386336826335  17.935645083705744
7037.098779052866  18.91114436628636
6861.43910548967  20.161916724752917
6923.908731614003  19.551790945786333
6669.0676952162885  19.19989385859571
5740.360632594578  17.644558351897146
6350.185899845529  16.59545003579109
6170.67104306089  17.231414662411233
6081.252204954729  17.48426229253261
6020.267095525351  17.30661037192337
5958.771845227766  20.133918918744122
5262.3586636111495  18.89153800088208
5502.748475363431  16.44853797325569
5399.612382494207  16.47721609501518
5607.183904839126  16.531370091877392
5579.940128215116  17.255892107459896
5519.860687129025  16.84575445420385
5597.530113197668  17.29948599796865
5268.767115146696  17.630513866491487
5210.822258106258  17.113855300303058
4960.270594237966  17.698406093584154
5026.469616814279  18.09229416952469
5173.955039671729  18.247145905195087
5289.525572238254  18.21190942185645
5075.121822920796  18.380635029310472
5046.250479035533  18.40897820231688
4978.140206976604  18.16928097823956
4916.063132253348  18.265012307204934
4953.045002499194  18.18615638736236
4935.544444130769  18.77481167235912
4795.077130797255  18.631597829915314
4692.155447929665  18.867384064624854
4810.674135765676  18.5428501279112
4899.652111133578  18.873015801018006
4881.85612112372  19.00901681267911
5015.500330260962  19.03323849634371
4699.872241291565  18.573238196705447
4542.650791811157  19.07317490105547
4678.579002392715  19.330588654411454
4638.1674430426765  19.27708554282225
4615.183959505543  18.87559014196733
4542.104214650381  19.161703603799722
4515.131354211517  19.085438617661854
4560.481087346934  19.300349601937622
4454.196105658206  19.305913562433847
4451.099167952089  19.305015950439735
4523.058761309579  19.661167234047397
4631.052105783262  19.341727555133716
4619.608061378241  19.60708949630504
4599.346431634195  19.564322748750644
4687.215822569235  19.567312749128856
4614.310706514998  19.940675120432086
4703.531532510363  20.03096418065072
4768.020301840831  19.290007190593222
4838.924224359562  19.839798890929806
4922.114065010248  19.843425093964218
5047.993942461304  20.131898991403002
5056.344114646508  20.210985081758885
5373.222676498309  19.421135935778008
5466.190131971384  19.059609220185784
5605.044486625251  19.491825039193085
6151.145647397507  17.210153838496577
6415.216723346095  18.399970097822326
6110.503023273585  19.56260104981267
6756.020780952585  19.592774015410175
6556.5201100778895  19.077925582878485
6797.438292861809  18.965524396985916
6955.087441210214  17.37982151551881
8114.647004604753  17.02469745494141
7409.239740824615  19.523671122575248
7533.636421840423  18.626642560499143
7884.197475675911  19.67288481220316
8124.173424878475  19.899074085522336
8262.273619644111  19.845785268647006
8461.21610755185  19.301817563135984
8573.531069524233  19.253447780659034
8739.656994961504  20.98733776466822
8921.80331657301  22.49595835788696
9136.640105487859  20.535220412608155
9256.608028773337  17.17349187368227
9697.565767255253  16.247752417665115
9611.376384386855  19.8949121136419
9808.258630202203  19.387198682309645
9884.84941441143  20.091961123292354
10278.622826036579  18.797192670198143
10171.00256133799  18.7585208111541
11104.245092002426  18.84341162389479
11319.347147264989  19.91079048657452
11411.095907488665  19.840745727167494
11402.523947398591  19.85267648006849
11346.891738572067  20.811663960993915
11514.124391334983  19.223867304653226
12271.222498382642  15.942146894591232
12129.990299050969  20.055679836221863
11884.892085828937  21.15595009697281
12022.284245189103  21.12281263833825
12186.469789586514  20.86231375055008
12245.905053704702  20.282735663997183
12285.587417052651  19.754964111765904
12467.354545342654  19.925656332755313
12575.282672795147  20.2154108697931
12608.653347817195  19.89193034966
12582.285531145906  19.715285998792716
12807.191639889035  18.76083250102844
12828.156413619765  19.06466228333393
12920.783534880533  19.10376993691087
12902.381731718297  19.062461263472937
13739.363468063426  19.634363224449793
13711.088810833468  20.501982042252905
13142.438065461412  20.55751437205815
13236.233990103055  20.065557295622273
13066.865783303245  20.204119713566982
13028.696488056283  20.651948750402738
13123.89171822181  19.875242293073264
13049.870424282695  20.562999779369694
12851.613379153567  20.630244256426117
12960.660347377523  19.736986517579133
12908.58637578694  19.826371166389418
12063.20852759334  18.84842735820611
11916.994403045464  20.998719983601863
12205.431769130271  20.132619882034867
12420.231030667785  18.822571544257556
12538.505452632808  17.627293186642476
12490.62862520499  17.777959833522317
11858.385710277591  7.788066234040311
10417.172007686244  20.490833714059328
11746.426531807612  15.927765784560862
11831.914937123756  15.199666106488745
11681.598080019508  17.890092018838182
11504.697465283474  19.136792610007163
11594.247142642254  19.30894909338948
11689.47522279657  18.229059296817027
11908.22458838359  17.053618489056404
11820.784643911036  17.060347196460427
11836.022742761555  16.869736269094755
11665.887313647052  17.81864002507047
11480.38789797018  17.71146249362027
11595.071227491004  17.087726927921743
11386.755483755216  18.179617940301473
11407.727337282067  18.029907164015643
11461.87459254912  17.556569242805754
11328.691763461435  18.282116446932623
11362.39700127646  19.179757588498614
11826.379871844701  18.099242380298776
11800.668046037898  18.13902418424187
11608.5708035272  18.505014103960818
11626.090291156459  18.256227470248337
11601.041526661205  18.3060293617788
11703.849464222392  18.034123923753267
11610.83039017519  18.2440372337943
11607.213108485397  18.140988230410848
11401.584319536161  18.497795272315475
11379.888333024668  18.04585701364517
11206.198581040273  19.200666570454466
11218.226813462476  19.123488460460912
10970.505276020434  19.107338381939954
11091.134833649205  18.54263409039477
11170.884328319038  18.50143354712358
11020.845104236496  18.80208253224519
11061.27289933865  18.140675750548628
11200.69217068516  18.594250113000413
11005.445336407314  19.410228844769538
11017.236761329083  18.45481645963617
11071.631499334522  18.07618765129891
10864.68360224411  17.94482428294973
10807.755709581399  18.537721983466774
10656.147604722899  19.30912831705762
10800.831165823975  19.05922026880886
10772.483085994523  18.938529948451748
10703.245718376817  18.624140525918154
10690.720809441636  18.590896839980612
10700.611567490781  18.6335867791282
10529.883935376196  18.863595202575116
10391.629999172083  19.091966920594388
10407.575271582049  19.250395330560806
10368.646263062448  19.875063162106414
10635.284632022469  18.843062667611036
9967.811359818563  19.32196642877464
9898.315867229578  19.6679393887096
9829.794056555904  19.65611323544781
9823.078078342749  19.42035302288329
9887.075342454462  19.659507009897105
9962.468894741509  19.665307200168368
9993.069305750283  19.30519352140565
9822.20832278479  19.805690605056668
9935.930945554604  19.192038123008818
9825.321855826302  19.139989295567762
9953.135777721876  18.71668259338146
9805.831442679197  19.176330503363044
9657.42395266529  19.642861652696745
9622.420317869291  19.655043301768817
9726.010892015207  19.255033691163703
9867.31588658871  20.021459733265534
9850.692547883518  19.192351132574686
9956.925324930444  18.739804029851314
9844.064995231263  18.95723551507646
10163.069999829668  18.111629414633605
10172.98686864813  18.47615638376279
10158.092572371097  19.333773036878625
10240.27548218408  19.039526010246533
10287.986754442525  18.992737558101545
10387.27575459357  18.994140059326924
10397.94104433438  19.08485741878463
10374.609605685608  18.661836423737558
10358.779107747923  15.938695394704508
10637.204853435333  19.246359258081583
10985.746197180852  18.454631551570213
10762.117384204721  19.85830596496618
10902.527181166504  19.857046952774258
10871.26079923856  20.17185788995178
11081.008892303964  19.132954431423315
10952.785203313233  18.993661578744028
10855.283089888793  19.220100780659923
10786.311142082715  19.778438620688416
10885.6178575461  19.963912027820594
10893.950936939626  19.886229607127166
11045.031699529858  19.663124467793406
11006.401971014766  19.607016958493226
10978.715606696003  18.944875794811836
10948.424889574044  18.94306804965811
10969.16910979306  19.071987907712053
11056.984387977458  18.267469667311683
10996.923651133136  19.49921417807906
11357.538632514263  19.29810966978571
11221.69641004567  19.42539442574497
11274.4109942326  19.23354384359087
11265.592234219472  19.752501703535792
11249.924474053638  19.528417447075412
11479.662891469814  19.718550637366985
11270.06473026  19.836991534745042
11351.415584425526  19.026185727568702
11613.43164385258  23.539801127463278
11935.579034090812  21.246216321651694
11515.317806326706  17.947634390559042
12123.141633618181  17.529595115760376
12400.545015289124  18.906010722460607
12140.35381371334  18.076542278676772
11877.796362020124  18.441007341808383
11860.973567563353  19.28420878181458
11830.990789555945  19.50279914977088
12417.87650774529  18.877654730557868
12696.086722644453  17.629859437269204
12665.27023848058  17.770620816540628
12644.306229911752  17.814241231822773
12872.009104274492  18.17221805597723
12904.573459611987  17.972423530253394
12842.979810640618  17.967476619151746
12676.9252611069  18.28627008309184
12694.105963495289  18.07604231326538
12789.617632367375  17.607914053793607
13064.177531719992  17.079338112587006
12984.821055906814  18.282755638343918
12890.69012719961  19.176842780221012
13639.875200226776  19.81559463818792
13016.900162063257  21.121821096231283
13677.929208590433  17.329521934299233
13234.813053236838  17.81108202677935
12898.95281820109  19.003420303239817
12913.674501270296  19.039869719874986
13082.737887252402  18.548614092231478
12936.104617132833  18.75902205756409
12817.88427181165  18.33198921907635
12665.778390480986  18.70853520091828
11185.835523345353  20.048534812208977
10891.531303387028  20.993455928150034
11776.476951382452  18.284519052776478
11276.553391194773  19.079346356607708
11065.341011880038  19.14636968521172
10828.390227391063  19.654448309488547
10648.606989314381  20.75399369525247
10661.948776458743  19.65736528560392
10669.8939248433  18.362818674608945
10222.994576106614  19.83400393080726
10109.6498068333  19.864030676510794
9997.88832674347  20.3611001481352
9656.717994686262  20.615747311742226
9642.135347960715  10.00765559192849
8170.350728920462  20.945821405546653
9039.29809614939  19.76550379942259
8848.90011684712  19.633186949794606
8752.927815837395  20.403457422739116
8462.422274847693  21.500920483450884
8146.495356027508  18.500141857795207
8363.67921262699  19.125612559072653
7026.659238555353  19.027214711328828
7406.552498757869  17.434004957592997
7109.931794016408  17.8577511967327
6814.7437750831095  18.981210954215143
6867.513535995977  18.005769869342068
6859.09802860775  17.92152408994654
6634.149327665486  18.504738254006213
6466.907963417899  19.4157028426255
6237.709353971425  18.81351292482771
6282.543777551665  18.102792737044286
6366.982405642555  17.758609966969647
6217.500655293567  18.255219993943232
6106.365531610787  18.036072531362656
5791.407925837447  18.104803686265008
5859.048328789298  19.622390811193203
5213.951201856762  19.07290299894671
5540.7593696536105  17.345920507737034
5634.552477936294  17.836644310747573
5634.024878703765  17.729104952025644
5395.79002683495  18.076303570781302
5426.6217176553  17.942236743112687
5243.656960240595  18.075851559968342
5169.905235917417  18.54254462391674
5260.727201348456  18.325476265875974
5137.417309456062  18.40074057322268
4999.710582622233  18.97893635554939
5082.714570591239  18.674986584859354
5076.343936525084  19.266988738666644
5129.587276261515  19.18668189683638
5129.130896041909  19.227657637510664
5126.607033005541  18.916449364101084
4958.932630358462  19.107802809121086
5048.551548549586  19.587334826866556
5082.995756253348  19.24091257506008
4964.575327976428  19.285519941730342
5071.563727874444  19.11568213039029
5002.921918305166  19.321965676494994
4861.673049800346  19.40395715960288
4987.829072055883  19.573065249814647
5043.1488076468495  19.44201961388725
4897.835596155394  19.683565139121598
4859.987142017523  19.64772857336582
4980.2971114158045  19.201274848600857
4902.951339013203  19.652629087434054
4778.617288864225  19.61439066549442
4754.882692199133  19.934083350000357
4793.452178059915  20.04195524810009
4769.592615780447  19.897418307263898
4787.970018094234  19.78786870846531
4830.766087488668  19.727666619304713
4776.560208946498  19.70404263596885
4957.949318682488  19.817137467288735
4890.007687248295  21.69873945683337
5126.161797260261  21.181923792425295
4915.1814858366215  21.111686406055906
4952.75570420374  20.99024276516808
5111.456985393567  20.906620228587915
5161.27892352454  20.905379215097536
5141.378003786901  19.456602927115398
5074.545507050013  19.139873143652025
5175.095959670322  20.433001859305193
5258.080259887118  20.945656463896167
5569.956553751889  20.787802720874982
5938.146379970966  20.705456326498698
6080.083361234637  19.905783797715948
6270.260000763624  19.29706811192185
6375.170869798247  19.316095767301363
6364.62967334372  19.452132637796634
6916.072330731653  16.880556388025575
7276.8789881198345  16.785804863463625
7318.250517858969  15.061056689347588
7626.541142451433  18.605581509319787
8063.94963252745  18.568257418302423
8211.336182067409  19.084589272681978
8427.26777741437  17.992070629380798
8992.976000665232  17.92246511722792
9161.918346534201  20.462751118492886
9708.247265509739  19.32578619362503
9768.545563156236  20.49419791252689
9909.399690636958  19.878580873583655
10113.099313616403  20.433141240530606
10338.324227712714  20.136725335269865
10432.534617442232  20.113429197397313
10610.726575621986  20.19485260230975
10876.630020570894  19.59541506480444
10877.871355560505  19.917602248667507
11024.007798295721  19.978480585205794
11381.294977060636  19.589194874939796
11749.555001338607  18.43960784762541
11725.734031762748  21.751738562220368
12772.893395509165  19.737531303673368
12395.14630281433  20.54259839662038
12613.081904227716  20.25355153959094
12573.815142266956  20.064551946757057
12621.586621668093  19.698575335885046
12601.553606492285  19.873236815660313
12770.14356100099  19.221669750003993
12721.115358500552  19.255019954597515
12667.24610775386  19.537330285774367
12610.98217991337  20.141717937378317
12628.982200742035  19.56942772103152
12664.394409095297  18.880786041777885
12496.459262193941  19.170092348522623
12402.021436779783  19.47698225786627
12401.208267085885  19.65678764794775
12283.032911146496  19.969880393207898
12334.074728220836  19.57309117885744
12334.262123673116  19.629794447267642
12362.724472638096  19.648533663572753
12262.849172410031  19.671332540122986
12286.170823656737  19.241875972259265
12153.10908986441  19.75106200890947
11184.175058307887  21.292304324312436
11805.108540132773  18.65394042030321
11856.840842519085  18.157109014042664
11964.566997352871  17.9945855365989
11732.628213154681  17.862279883493482
11675.724507809286  18.257177033971644
11591.570693652218  18.88963363729787
11463.831301356444  19.126028441564102
11520.641083926103  18.135145234751093
11310.64621080186  19.144337841087687
11374.143650103973  18.501494290858123
11267.389073353366  19.02754198331476
11321.788118580478  19.18672905626436
11165.148374106422  19.124210355601246
11306.434848813844  19.02391089460757
11119.751505251255  19.25049622634567
11113.781631838267  19.511091450636023
11178.137165060489  18.983284076432174
11164.624745766203  18.92750360716686
11221.605298225011  18.97927397445889
11054.830361231376  19.179094964471776
10933.77888974503  19.865262091610017
11015.003293504204  19.476660889336845
10857.295899653873  19.26036276898013
10808.00127608604  18.669232403484717
10696.5017312471  19.367094371898926
10547.076592020854  19.991435159427596
10651.78531951269  19.736748830173287
10649.702722135304  19.725958802680235
10526.664065997611  19.581520389718342
10408.17242704193  20.524607156309244
10635.756475786358  19.24892016616429
10552.701009402796  20.07602711110305
10488.25071599107  20.37778975028749
11030.362873606711  19.6263762834637
11080.253139545255  19.924820118995246
10934.674496148235  20.065094974279145
10762.133335487382  19.773071507587918
10807.159418291185  19.283410720814587
10844.261153487192  19.35492579279092
10649.656979634443  19.857528984208724
10754.898605474356  19.315225727890372
10632.56654885255  19.27760491087425
10568.867617937318  20.03903255099
10644.305736924953  19.83537111881948
10816.375742631162  18.43814112709615
10690.78763767369  19.229634019445143
10537.257927452614  19.224237461562467
10474.52905772892  18.615915116255525
10496.983121871339  18.402452131531785
10398.289522335814  19.016331563250976
10543.373151352202  19.334698958138596
10564.6107784975  19.182426492888933
10331.747819371627  19.77024523630792
10504.248871250982  19.152249314499297
10277.889685052362  19.646996977668014
9903.071229303694  21.041902146352456
9941.94350393587  19.556195767325143
9953.75471519223  18.74189693022005
9744.06257663049  18.77395048018121
9783.9593362465  18.55605893305399
9912.810326855202  18.34867387508672
9898.05805946757  18.546622690096655
9871.945107888396  18.346105798859618
9846.241176233449  18.881826529849164
9999.676797844102  19.031380771206504
10016.84028885898  18.464051187710936
10024.906908772993  18.26232358993585
10086.63477372089  18.051922547658773
9780.715336873263  18.192027564723425
9945.209534581843  17.875952510491235
9651.259013581908  19.046112295850364
9854.233586111057  18.429618489019834
9941.518750839485  18.627425710069268
10038.799587559191  17.97323339124079
9885.78292802976  18.104588777731124
9854.298585329818  17.901441291089217
10022.966161755872  18.41369566738832
9969.391452335753  18.463500153597618
10085.335309848455  18.057178148791046
9998.32495201179  18.45025745140973
9934.19447627418  19.11764300447661
9984.421168021996  19.027560118084676
9945.932307846535  19.250806867648826
10180.57428812392  18.078094722951224
10424.189413239874  16.223798470284382
10864.731381284333  16.659861148414375
10548.711607058049  17.74924327778597
10041.639621871393  18.98363350862597
9789.925831403669  19.625563131282096
9863.851327890497  19.309034858573533
9978.21766587949  19.570871595890928
10213.18005887587  19.367031531698892
10225.035894981187  19.041953363307147
10217.443117534764  19.1103741119497
10439.71847543262  19.119504861253496
10511.088667155229  18.50499218119094
10536.943971475992  19.29001232090321
10582.339138649902  19.53336867473967
10644.599881381313  19.639947845347315
10624.58995476785  19.618316947191826
10610.785807227441  19.321798371248967
10642.26349032529  19.73150917747937
10733.09101717151  20.11997030228388
10704.109917477692  19.744972849819675
10009.434841137898  19.28338523966775
10940.152903689075  19.377878135445833
10894.99616402857  18.737875469052593
10853.744275166788  18.84487533163119
10844.109516391196  19.23861611156694
10933.807507967746  19.02924476348781
10866.908202854476  18.508604277072227
10716.727099019328  19.552132472036213
11008.05649732373  18.37353318346758
11056.258103334527  18.416859658242835
11055.566257390261  19.236621338645854
10758.486727356712  20.35611125213497
11663.594761209999  19.09137026728095
11399.93106943496  19.942733342210104
11249.193152690208  19.819194187148714
10951.665486125657  21.086839861113447
10971.646438208263  20.521838022946135
11109.462053706215  19.997972605563834
11143.639718755725  20.006132091194104
11333.036453545557  19.742489379602123
11529.406535293167  19.2580666729042
11619.107644880292  19.34526411582353
11850.503709572231  19.289066881098737
11662.349938978383  19.83317594582966
11503.07370468006  20.53706964859072
11758.025798833149  19.715864277734276
11599.401806470512  21.006156684151605
12008.392384707255  19.03403508178068
12023.828790077196  18.830762789178703
12061.564073340973  18.968189338247065
12193.078891973159  18.883111947006068
12983.787968063023  18.396940473939193
13120.851773919865  18.20165693604687
13007.519458512865  18.556265250660164
13077.382756370225  18.204462805234893
12915.6915518574  18.919561494592372
13014.82407642075  18.57503723719564
13011.369138533451  18.4542967264686
13160.175256473583  18.567343765074195
13353.200789154926  17.871585998198235
13403.479876237292  17.771677256730648
13276.32185033862  18.067540227619336
13339.375883737011  17.70909520758678
13185.262782695529  18.16863701279801
12471.377416220888  20.601572732177715
12861.699069428741  18.622907021399353
13014.323647029603  17.560609069775857
12465.762562215192  18.074042346783447
12089.4966267382  18.857932717773203
11933.595793933986  19.34528732801317
12290.462322395351  18.388166280404405
12015.038873751158  19.340492165282193
11917.593810084458  19.084353201613357
11651.770888671783  19.300935404854755
11333.491858295461  19.973951159542803
11080.099700854114  21.1359095666042
10777.658721975984  20.317808922096216
10850.206663246478  19.63940594830372
10771.259244920402  19.120238376795978
10135.787217116918  21.132451367588256
10047.341703948301  20.80977585513933
10023.249712099889  20.10892020374137
9742.58892058362  20.603041747912904
9683.45857316657  20.793829205961153
9176.609751572716  22.292376832304786
8095.577258668582  18.915333184875003
8541.586802110656  20.634791660914125
8257.177316725352  19.29628432503221
7621.444791273853  19.868306733200793
7682.828632297682  19.568904924419023
7831.6595740863295  18.523672112506915
7715.055484689986  17.95167109838918
7625.0997660202665  18.079613479102875
7392.116183648047  18.733155215027764
7160.565287088559  19.796165210030374
7227.056789164618  18.619717440745884
6887.901496705742  18.64578256154609
6903.32998563172  18.75938632066557
6816.093158814315  18.76293938669343
6513.611882704091  19.939860493966638
6288.666080525403  21.932311295388672
5560.099225328814  19.197331008105383
5797.232000157792  18.65143313237162
5831.528093301699  18.84403746633311
5809.541890411332  17.35988923412676
5761.521413077486  19.835260726366666
5240.099123108938  19.147249876900734
5284.186248503643  17.59988846187238
5337.858392848905  17.167576418248018
5355.527402323435  17.415313758679858
5330.710891583413  17.667336127416764
5341.410414168597  17.69249495216342
5279.59977866322  17.84489133530331
5231.160513650876  18.37612871399837
5166.54535954433  18.08392214842575
5258.986261225787  17.38489282471531
5182.1833278558815  18.186543509871747
4996.465004504558  18.598464633260285
4973.912414537421  18.966149104432812
5151.363144695622  19.229355772922208
5130.13168351265  18.522901329854136
5045.827028582698  18.162669992553422
5145.401913830982  18.901555641907752
5279.297921426318  18.992381076855
5116.228639183228  18.316984536768906
5121.931884189772  18.045482382355097
5022.40014323318  18.434110574644446
4891.322426425831  18.58636597860619
4872.392047849272  18.865553335585503
4912.601662655501  18.957911618015455
4871.430905666305  19.526438025106373
4924.666126773098  19.050202386567967
4830.615185686435  19.29379604300941
4875.429190180985  18.81667345205682
4781.956242481603  18.8846545516317
4619.311063243613  18.976903027052124
4477.008167895757  19.683884975418405
4570.526525788609  19.137029538070884
4544.428864135023  19.397725894559105
4563.743278290684  19.417641920803796
4617.560573065146  19.61117933423787
4642.798389749829  19.64834917711134
4679.040899516113  19.376719866130443
4614.268232847011  19.398935053611957
4639.844196631009  19.4903512061213
4712.178594261406  19.186415528914498
4582.536402692398  19.814752800531252
4675.626736731  19.419137506858384
4718.525302635747  19.21735479358359
4641.033265558439  19.574929272233458
4823.537612045074  19.92444299156689
4892.8749149145115  19.448691388550056
4813.1125283079655  20.221895658306902
5022.81140009146  18.363030395999115
5939.629810547685  18.07974405869859
5554.831291447259  19.39461464982025
5987.068360962307  19.38345657000954
6927.874131186001  18.114389555155018
6186.00732551143  20.665824327035946
6331.016392597523  21.24881281811763
6736.752671870107  20.609119256624187
6582.688587241485  21.13339729110247
6896.051239475766  20.370065060040446
7182.6118621747255  18.827000768849786
7362.467583648268  20.695865505327713
7551.08447805257  20.457396685098185
7678.722404706466  20.826884831535402
7874.975127409607  20.70767882849003
8092.448871425045  19.18469003428718
8265.56525557942  17.84649998029689
8620.792376467987  18.97607022240227
8775.056436590585  18.646829304398892
9251.15848666239  21.047693140256538
9274.753416364732  19.73737224722273
9552.21987254187  20.771410104523483
9678.240833154485  20.831265489804554
9802.745622256023  21.09584361556254
10154.595204829899  20.532867518416566
10211.09425631472  21.630014937850973
10405.632342216668  19.97697138039932
10679.908546893188  19.61383029874396
11071.543842433504  20.108225667608775
11157.122263507592  21.83829809723536
12011.849556093732  17.266179235892455
11952.754864159928  20.355039329426504
11588.568336693756  21.033469437851977
11589.29059299288  21.054312200741823
11663.460386009316  20.54770271788404
11544.331229312867  20.88732011223514
11622.980380385323  21.07752422519688
11814.65753060799  20.575606199447364
11895.535740205622  20.21383273099062
11836.827356402111  20.129107040228906
11825.24066598677  20.467390056538527
11681.17814498565  20.051592661202587
11937.398533637364  19.34964045783345
11956.726318879924  19.915280559916784
11794.005953430053  20.622512488954808
11780.250087037808  20.316205695345825
11687.223945352278  20.8323375300609
11768.67733567801  20.90900700388941
11640.44042774159  21.071244183260482
11590.023096822508  20.219866537111734
11557.734649372624  20.61405079808069
11386.128491838179  20.678767735279354
11415.622273895411  20.446295408299655
11547.15189290346  21.099018959340686
11316.71672125979  21.034902245118808
11371.37720655723  19.551300789187305
10331.523987286391  21.16193461574426
10443.400043331601  20.845555980785548
10841.19756119237  19.592074416505774
10709.01021221302  19.999926111762743
10572.783322690382  19.90227320696622
10511.33702678212  20.425854879191558
10624.997662935048  19.662483423971953
10454.156025190006  19.503378550548987
10402.511870874385  20.65202927327798
10369.419154428158  20.099460715001292
10198.220467856007  21.279598743397774
10207.405731970153  20.754185593728227
10721.910323709557  19.949648523114668
10761.998360255115  20.33387824885721
10948.142831099283  19.268055237431447
10679.232771236162  20.299521599228182
10571.866591430464  20.710874410020125
10703.347675833784  20.046167471877105
10621.948627734833  20.289141480893957
10400.311288367307  20.87615147818234
10373.21066261278  20.041038181711997
9859.192429319539  20.363621407378293
9843.104104081129  21.55975635131406
9785.59799052939  21.022540409589332
9760.724357471465  21.107367845854498
9781.386959940377  20.695783143498137
9793.088930059661  20.39088084297357
9695.280159046832  20.880177768045773
9650.82077079062  20.86713008901659
9741.56888275389  20.337667178875666
9530.449806086308  20.8435187546837
9434.846560485921  21.273532430948915
9625.618511545536  19.386182489879516
7699.019118451558  21.44184456922627
9174.059896813587  18.664707448328834
9299.267171119254  18.022154072066193
9235.228413378849  17.900029235775325
9105.093507333057  18.250145614331117
9056.483687639226  18.34158681865129
8871.467436231638  19.214590810711652
8899.984862752988  19.892769017631952
9001.503524363125  19.22407513154936
9026.378039284142  19.092615218912147
9104.370147801586  19.52593748878836
9117.9560682837  19.21513691957124
9039.51846932599  18.56298822619825
8881.397917456017  19.51552682217267
8881.956367549528  19.108360168436423
8669.55936305074  19.784598425772426
8800.518666641714  19.577303182508263
8823.814732059158  20.550282119766777
8929.953288101584  20.003736612554345
9141.51176394183  19.527077839539423
8983.848024886332  19.2597649810097
9055.740387991702  19.103477903181908
8900.1661250161  19.77956924090503
8762.896338262935  20.88320285751346
8840.11866692256  19.917431751724752
8782.22255757242  20.18049324060895
8914.980218911642  20.317685873840446
8929.306155907318  20.371676091587766
8821.087814150025  20.101591623772464
8913.948671320324  19.64478604205526
8746.722144798578  19.801814848311942
9054.377670364347  20.44237935591699
8716.266020042829  20.33491538209829
8631.20733895405  20.462279385801363
8749.984965829  19.931360916135418
8937.070992967274  19.73394023869618
9125.949937218862  19.104223364148773
8821.650707623996  20.05836473236805
8914.009149569449  19.501051584901152
8506.00108764295  20.221487024534994
8589.787940936643  20.113713445218334
8526.973482924348  20.57584744974552
8762.242591819348  20.282501057707986
8838.703814539549  19.85541125357632
8741.20428403691  19.99884105963649
8540.225618069713  20.098073105979054
8704.752856855406  19.51588746487079
8791.140013599703  19.369365111124015
8754.410057741641  19.42095629859318
8719.094698701207  19.66852335734641
8730.03609845703  19.243646028329593
8784.08724885447  19.12975837602334
8815.875757471866  18.992603244980312
8871.952257828256  19.951654539722973
9051.203942996415  19.670844853508886
9172.425514638291  18.137355794478577
9215.891562648181  18.054049844690176
9376.790613995592  19.30608616928865
9550.928778682393  18.782208060234446
9681.963146005412  18.25416147412432
9616.967552283993  18.797286756889577
9728.39894762678  18.51560976638082
9786.63769924137  18.439310509647665
9943.707031890985  18.156228012612456
10265.533328547468  18.721529890954933
10137.02790782038  18.789450376947297
10032.24513314189  24.85391908072639
11630.723620019458  20.480774635489432
10327.546458719178  19.839701387530013
10357.665118797617  18.954438164096523
10096.174125843401  19.812250835828948
10000.189059069651  20.843015992166546
10302.214885751517  19.903174027457116
10589.987488619794  18.525661295026485
10455.974120319772  19.44897859759338
10636.12578672217  19.045933532714226
10511.168583918567  19.19309024762817
10314.79387382071  19.977049817716814
10439.550628356996  18.900090056388194
10295.652157564306  19.815150007287045
10116.490706017124  20.782245775232802
10374.018389156017  20.35195149459298
10590.610947696643  19.62405782794955
10884.320647484137  18.10788438854311
10813.323255566436  18.998190672641236
10822.098202578123  18.51402773261972
11108.738165752236  18.103966016927487
11111.401221352864  18.950124304272613
11013.486319372942  19.654456362660877
11007.671501221446  20.36095036764994
11397.634845446017  17.88210719172129
12165.458269060871  18.864790036230538
11925.410587015293  19.18393404387689
11665.445455551386  19.650378559314248
11780.251891584261  19.77428612360454
11749.240518623754  17.464352995698867
11690.770932346228  17.5333081446108
11749.362950539364  18.803244335653186
11770.4379236867  19.541311094070327
11472.198136999172  21.276879861156257
12103.152169992625  19.28668773876885
12032.635755211204  19.468461196919744
12045.121229018388  18.84116049163166
12004.58799070609  18.517806354389112
12013.382416396942  18.47256380082924
11703.440142845073  19.449651475505433
11748.719195422327  18.87214433530217
11698.538385995964  18.845935577415062
11896.564251881024  18.394903288234534
11644.229305675592  19.394971005712947
11613.385191860118  19.158854694927253
11661.444718882449  18.150519097823405
11715.130449346638  18.742700181291237
11395.221640897553  19.127335864121562
11410.45807014106  19.24901107633478
11248.9592007542  19.759008676042562
11212.707529249383  19.803405741749074
11255.648083890972  19.342439837491643
11180.265772149718  19.841978520009956
11088.518469783476  19.972715306603686
9495.750127939775  17.78232727791209
10543.680986814685  19.36371207877171
10361.159574239584  18.670677222001547
10253.294482190197  19.25821774382496
10049.050438453556  19.37767592593251
9838.617981288467  19.373678930891504
9719.703403303329  21.289653060994887
8610.33056338288  20.57006434220295
8851.136521321298  18.246031914460055
8804.13111060335  17.208788963261398
8596.249816611346  17.131184146179233
8600.55674498861  17.08263950680171
8339.858198200442  18.487270115455303
8304.328966559997  19.747700977469844
8040.332280745332  19.471625999971327
7782.579830670874  17.47375358405601
7556.2446139730355  17.558567760667657
7563.135544916352  17.583081845259343
7393.300187139546  17.90386886911117
6661.006583639135  18.882896565989004
5975.435644441061  20.758270074643725
6816.877676381857  17.659967041603505
6895.421959157317  17.313852483878197
6843.666783038201  17.67062950435653
6421.7006464187  18.81323259907972
6060.296315502927  18.77318267313676
5990.84317509264  19.593759124575026
5878.6305465357345  19.205742519376674
5729.3379000703435  17.920189791506512
5672.654045474971  18.282639688627487
5721.743391080432  18.404025858070536
5682.378070639978  20.306554041797234
5277.696910163779  19.282410339554186
5401.560899274151  17.439093155144665
5280.001582960854  17.752113750933518
5266.212735441015  17.76787828659289
5196.175284647778  18.280262926532238
5233.984261445489  18.2572563816263
5335.363227447032  17.93474029455958
5421.834224137494  18.3652041896291
5484.089901973318  18.645150543446928
5370.601034189899  18.650498633000193
5301.1594064272485  18.45850548883978
5237.5366988249325  18.29174014672089
5166.520625180469  18.58103455756248
5248.547424258398  18.496546317746056
5209.718953186437  18.73013228111236
5221.463848745449  18.76373571571541
5253.837293422725  19.002069390081598
5052.139425756947  19.079110170516724
5019.282663582853  19.011497573734076
5035.266512119984  19.42980055718294
5011.496116326419  19.280435838618164
4823.733525865837  19.781295356226355
4910.943881425256  19.51637967935787
4875.0118280044735  19.82181083049458
4828.316814951262  20.183190596152468
4861.546769052251  19.804825902705865
4772.69493210653  19.728613271896076
4744.265077949352  19.510668320471765
4701.754832458332  19.7077630008593
4787.48635966966  19.624384684949572
4748.552216923374  19.613511073992107
4766.953813612345  19.457403148317166
4753.171702744433  19.339240774284306
4726.847809882748  19.3159228711938
4771.495976409255  19.602022021024087
4627.293557800599  19.768706218234396
4762.441200558351  19.696070624743818
4683.074805853028  19.64429588331511
4738.972242529873  19.562275829904497
4950.7543335465425  19.466639552179345
4938.4653319522  19.531515864954685
4943.561869580807  19.781048624584944
5119.8378956167735  20.15197617955553
5150.1453851239185  19.925446733939832
5086.449572087035  20.01785939399896
5234.100720277039  20.076362087360692
5376.0789086267905  20.32857874058797
5522.326224719758  20.172389811672172
5656.404292371896  19.820774095037816
5740.892446698281  19.68978660550811
5919.542966392868  18.690758175345824
6011.550580447798  18.884566645016058
6131.161606916202  18.168526494439714
6248.505214663198  18.097233105371757
8029.402461961881  17.66245388579888
7384.7401244837365  17.552030676338543
7473.572945070382  17.836205638237175
7341.952438126997  17.942213947520653
7847.891998240731  19.19181486825411
7923.386639393796  18.16241777990206
8005.806579027714  19.806054313709225
8314.906275243207  20.19767927323296
8519.223431326765  18.76335618784987
8616.338000796666  18.852936618149414
9259.114794366842  18.0982981061228
9581.315846842985  21.01932921275608
9586.917122770325  20.92796935378279
10036.350973085326  19.435860015059582
10216.28941305758  20.52682293128391
10424.008298212782  20.504310449963555
10544.991325810368  20.461953302727796
10887.095832893654  18.90454330530877
10826.742730810569  20.63411153580019
11985.939661151066  19.274161697982976
12287.791174963975  21.154914051419695
12074.743628491095  20.054277013007148
12324.94172557489  20.124654866487315
12193.826397957071  20.61113800706011
12201.421657750934  21.25401148445425
12209.52647511387  20.888731402823222
11999.575946522838  21.251769567329372
11978.88161037171  20.76572095491076
11874.65052208474  20.75303452854658
11872.283019011424  20.835494663166187
11690.82109261403  20.753746826151335
11547.234709397171  21.346956457265943
11645.266269597512  20.913590004922234
11800.035274142525  20.90546664795436
11702.42808044839  20.831792970454387
11707.387008470827  20.59279675161357
11602.408603128788  20.87963221254868
11449.690913496692  21.16019154885406
11648.958444096512  20.99461626666495
11804.60403972792  20.808997275649535
11624.466781001465  20.7855204320393
11374.44585279357  21.34257513528491
11474.830018629955  21.140679915633736
11514.38421485676  21.25925983249063
11265.687375084131  21.74205653183693
11493.198362656369  20.866324672651658
11266.300879640427  21.238587349617703
11269.787201289313  21.226460440610442
10344.644156329741  21.433103925677546
10652.313139723621  20.446197341709254
10813.603807991565  20.424396235979906
10886.011573392148  21.3236560532852
10624.122688732708  21.294413737481733
10713.000746937494  19.86946948803035
10711.829849367545  20.216407248136072
10610.637807110608  20.081570988731727
10664.765799188452  21.210665385735865
10804.69969735424  20.513116195710065
10842.151434002844  20.489099806429795
10901.50568001936  20.221882569004414
10872.101298497551  20.282907864156503
10832.354776170114  19.956189888609938
10638.169377265382  20.400796693852136
10439.54492686762  20.20991188618394
10249.261330372834  21.243064230269837
10303.511149982933  20.978634603164682
10299.211534592152  20.670537615965813
10455.76898559423  20.506518655393254
10380.19534014967  20.246179147959754
10216.207443235895  21.160308597381032
10328.932947870237  21.427910933680163
10372.885318104301  22.22266316716901
10269.2260394433  20.993863613385383
10312.892199182412  20.59115639540469
10106.84271035321  21.333184420099002
10107.177598706445  21.515986087182007
10315.732669289408  20.912705274352962
10219.07811878745  20.853082989181548
10331.070856427861  20.536895908571857
10351.341229070713  19.797404284350907
10153.766014707044  20.35598390180482
10164.89057762278  20.26019899419443
10045.709841701528  20.711483685733622
9909.532456317404  21.196858631378007
10098.12900359242  20.627914382126242
10004.057972303583  21.18944136313553
10274.896535697479  20.807710905807774
9670.852030243706  18.723439589491075
9587.832994744262  18.790784093600774
9498.21219351624  19.572316527082656
9304.374298072402  18.873993585905932
9491.05275282385  19.00779130800893
9584.128650425904  18.131654246864002
9406.117502550147  18.485763259750463
9502.667682108144  17.96390353496957
9518.228733260403  18.131495438195394
9447.137343126813  18.8454759756591
9300.96277668446  19.360428047162014
9136.415523220003  19.37761816496949
9087.64640860807  19.050656659018934
9231.097562578434  18.98297037205554
9136.720624068152  19.59267505243789
9036.335336933978  19.471665557195095
8938.93557172538  19.785286866016854
9065.758352458239  20.495994838209256
9162.572394785944  19.796380669814795
9089.258669430683  20.373381747890928
9193.044669940486  20.884061731102424
9113.554147618079  21.719418381474746
9315.079306531177  19.99077052369544
9320.31695051858  19.589322211628968
9264.478382891826  19.22494940289576
9228.671084763639  19.11240936564361
9234.33727355435  18.894234257702983
9080.739998558207  19.80933334170021
9100.398364954806  19.695205264128948
9172.466271061567  19.241938024473214
9249.330770284181  20.08020072607734
9288.789202431597  18.56751792496117
8998.000212838157  19.315983523876834
8996.818112029592  19.54146287531835
9071.069206304664  19.39330686943066
8991.070795704354  19.14600460276214
8790.497218811453  19.62212604471929
8726.990773510037  20.674100272717748
9351.586386021547  19.820784120968025
9415.868143673453  18.712755773820152
9329.655552253435  19.289148065723076
9271.6098726985  19.009821223623376
9443.861761369997  18.71769884989184
9610.171608574408  18.63653510525692
9517.565437550265  18.81236770795183
9707.610855322679  18.553023364988533
9842.280017722585  17.447708444748184
9769.87585667452  18.511667924815544
9784.577240455841  18.467404383593337
9748.443826161756  19.359248845046103
10869.841027335127  20.44329535629849
10688.21162211137  18.869222645820322
10398.808754466254  18.0293890511902
10398.530102281706  19.738819263174538
10635.387790847024  19.1619659838372
10679.92797685766  18.740321973616823
10788.749036579788  18.393638647343924
10637.699744585641  18.947722309848405
10617.466053470682  18.796781259407375
10657.816726535426  19.032086697353858
10445.814034769382  19.820964934266463
10486.709614327498  19.05994884156238
10432.781813898944  19.125383049132246
10421.117833930663  19.137355502389997
10118.462977945735  18.8112291812909
10231.851812658011  18.39619087587783
10275.094890068478  17.973058665647077
10181.250651752072  18.402003858349694
10079.970127819868  19.199919591439407
10198.20000764958  19.038430953131076
10724.187637455796  15.948850144388095
11319.670952118715  19.065395780309363
10691.735078974796  21.18310171289158
11007.693318060923  19.47710673741554
10836.48505313532  20.303409196605788
10813.519933375297  19.883127330510742
10763.127363418778  20.267611908260314
11065.168446895459  20.240946603544533
11130.402087887322  19.38429152962191
11089.24819975217  19.627138905025138
11227.962254960972  19.618255586238046
11344.591241636703  19.328484229345477
11075.2841847759  20.57530304524038
11230.12772349741  19.756983010870027
11137.04750921519  19.932696473318842
11271.67309979111  19.681884334404433
11216.374259937447  19.860716175412033
11286.109207381684  19.430697354369407
11296.14123711824  19.63788402540148
11610.575238266836  19.122845524023944
11130.202258439178  21.428812271345848
11427.290461330913  20.03601768753035
11608.413981229796  19.123969083766358
11972.703472646148  18.562747488298356
11736.071756848058  19.536415756511744
11782.105025023226  19.61642532491658
11936.593696060914  19.006625869662997
11968.105785513422  18.41915665912664
12131.328037812851  18.278885186772623
12112.21086558663  18.38234675952704
12213.917256304198  17.836817817645453
11967.128577232947  19.031810078032386
11795.759389771662  20.02521459181472
11866.270707752466  19.130898573387377
11914.529825844884  19.01000690462934
11988.90353809749  18.60542062107196
11802.375861683451  19.106068239925428
11486.631641992113  19.698114607817622
11551.795995348335  19.413592818542124
11646.42729542676  19.05631022101451
11529.042577212778  19.21413652872903
11343.819644153049  19.985492985774926
10226.680333439097  15.601821992096163
9750.197862015853  20.03504146485668
10286.218982181466  18.37741375510829
10460.397474599225  18.917782578677297
10491.821806304022  18.22068964526951
10392.695372305747  18.79401961224043
10200.63251909344  17.45346099536642
10007.55523136594  16.76929296121192
9803.31887803406  16.920078673532718
9648.210103800326  16.992429749698207
9408.03295785477  18.58821090093214
9151.197455863556  19.454954187552055
8853.378425167612  18.50978383964606
8716.951281438318  17.62433288980404
8838.941600664015  18.406120593387374
8660.411566091658  17.889094711751532
8564.673170505259  18.541735363257065
8111.594628284536  16.982940469700825
7277.1902289468135  19.572923413429592
7131.207147688434  18.95508398634808
6869.825370771022  17.56737518874972
6947.634762400756  17.705379197279875
6945.193069955849  18.095780970860805
6877.33070312161  18.347574990170134
6781.294686369729  17.419461370322242
6833.307095875506  17.451650491725808
6683.482583815434  17.941441169873066
6699.950065210109  17.362190935290208
6349.904336374981  17.95294315237757
6356.13342023513  18.87776556881321
6353.833445233471  16.575781367221705
6448.3551742592135  17.10289411298346
6262.913736920267  18.074667618229892
6162.465617504889  16.704799904573697
6003.945494879434  16.724921678599948
5713.546852211765  17.731883282428367
5664.5106082723005  17.2385771201173
5497.647479515396  17.76240598089565
5567.9332127932985  17.69404541145818
5629.557917855382  17.105481173233855
5454.615297114327  18.358474088250425
5382.543319223808  18.529029645618063
5403.300496817683  17.68745721278218
5438.459833198893  17.735264393157365
5329.17093306433  18.331420460261008
5093.462730450966  18.595823793373082
5022.345401006017  18.87648363875913
5139.715761900658  19.00855841396327
5129.926887047607  18.681570317727168
5090.024304095455  18.744016296387368
5107.620890576068  18.512877981466044
4901.563974590087  18.776586325419853
4854.723992440658  18.87454148393844
4918.85251550841  19.311108603254997
4923.935101422772  19.402840099181457
4942.902604996325  20.520012008167107
5004.055945971454  20.133859482211673
5054.289370734872  19.55583269969082
4987.412727473938  19.79000284711525
5035.369230574835  20.241099312128707
4845.506235958963  20.232353638193473
4912.166169268318  19.9712289347046
4942.664087481979  19.946156360917527
4942.9605771877195  20.109072586724384
4938.4616352559  20.14596967349497
4912.723469864352  20.428853450781688
4910.277436231747  20.07772471286701
4884.732234804037  19.93998410034497
4942.713041823562  20.195774397056244
4931.324290184732  20.423801552319073
4992.02784516381  20.409502697931313
5082.209495579251  20.1197690816001
5192.394623927871  19.664417625171517
5117.482887466694  19.629727695061284
4802.82647537958  20.371621232274318
4784.419732042156  20.326863418259503
4833.51950163501  20.427270431729088
4832.054919076956  20.620770578532092
5002.015435310855  20.708687361063877
4891.890626680458  20.68538644436362
5046.492203672956  19.765352545398965
5112.742345245929  19.909560323324186
5231.7642284824515  20.355199736109544
6239.471999485465  17.786070839476686
5786.278998636529  20.296840814815848
5984.28242693897  19.97036500169809
6146.103450306654  19.36004810992548
6245.730547850713  20.142921090191308
6509.109697252731  20.44359273622293
6568.878251495096  19.44694444741337
6743.617543319998  18.762097574769133
6666.787284408812  19.53971627270483
7238.256022976362  18.31312843189611
7309.740938760113  18.616656301083296
7560.600178768519  18.294267101027685
7869.755199783021  20.185123454310986
8085.222351531488  21.783152324070784
8576.421389224564  16.912863885550554
9171.925328429368  20.186347649152456
9014.634462460632  21.17140176752248
9249.762906012174  20.536150891725004
9410.394251899737  20.57699198961359
9833.871196657488  20.15246855270447
9854.522751663393  19.94736637745617
10074.383663484321  19.86474032625079
10182.33790633002  20.819071705180615
10694.238639845715  18.425479328565654
10618.3270027832  21.16470106058664
10779.239150140536  20.55070290079217
10914.402348485137  19.1407835353901
11302.088698028332  18.36386027558467
11334.814234955862  19.28003892174369
11514.268100214533  18.709841237664598
11523.369013924466  19.121821714796404
11753.673233870453  19.289422998102893
11791.408634826901  18.536358418443065
12713.27331984736  15.54999717389778
12549.587740745495  18.22439092499965
11904.764309675717  19.794207391825825
11911.224186515257  20.021532298875755
11857.305424041924  20.14361154395002
11772.40221122897  19.885594485813865
11627.673771124735  20.24057444619774
11609.896875621866  20.455231238163993
11714.697327531918  20.45200904176836
11685.443963726782  19.920724987635992
11643.544122341567  19.893215578214683
11509.186735635649  20.29797368540102
11424.492460050178  20.574599832065083
11313.277960278518  20.769982940318418
11233.634933976044  20.699931554347486
11077.876549091021  21.157246733786796
10783.654113133614  21.254914576925568
10634.338984423635  20.815639588774733
10590.534412637413  21.366074643561877
10690.117246417274  20.993755560282523
10653.009296229264  20.97187061545416
10660.833067054733  20.355919080745917
10296.412730850207  21.667420149217882
10119.926667067048  19.05765086263954
9877.731307963502  21.809724420870726
10388.614218634317  20.792150794944376
10561.008631363842  20.018524007074188
10541.678153023591  19.740293859153873
10439.20741424647  20.134406777083505
10230.3117432138  21.09270737104428
10297.119722717069  20.878125440655733
10271.00587847476  19.687726934282697
10169.637225334482  20.290158724141662
10243.368789542152  20.007759119362305
10210.630733425698  20.419991571893526
10256.586294023617  20.151236522780245
10066.719092370657  20.493810921466867
10378.587064635263  20.497402262863993
10248.782756000088  20.758702941262612
10196.48290776881  20.109125995062215
10309.913671681956  19.309033461022103
10145.602760051263  22.535261220302107
10372.424191860548  22.424111446243682
10167.642974050194  21.394559399796222
10210.758980663646  21.71412295731083
10383.000600613093  20.905191658704744
10332.38471003327  21.42967122816898
10183.428713038045  21.214062638438495
10119.398387048454  21.634599031452392
9730.07185744374  22.24275842091196
9654.037711348123  21.22260598270026
9656.907431644397  21.050517621772844
9717.237437878724  20.585171622693693
9701.585714223962  20.879394493220634
9905.252660730512  20.3012478531386
9792.140365652112  21.151146625228282
9889.653981005193  20.79275034284265
9749.884879362411  21.848746453483677
9886.890093749354  22.55048017291276
9553.573335148649  21.084920392585254
9611.731099833958  20.678125932913023
9573.0703011489  20.994907252547726
9597.747946961199  21.001299612166445
9612.639374056165  20.790888518575194
9568.683438583008  21.298622754951694
9618.180178549592  20.609590003991453
9574.449091328604  20.001701476295352
9212.031273309243  21.525562928527183
9206.437794655296  21.486092576340546
9118.712576176851  21.557899374288066
9135.378984066077  21.22675538221525
9238.435901308421  21.893347027856983
9260.126491532195  22.343859596269304
9403.52157194621  21.644691798836046
9520.051929627101  21.74890953075171
9503.304119731754  21.374779380204906
9431.862394785645  20.647515678077625
9362.367143144547  22.486710412470725
9456.752451374628  21.748661055117218
9287.401229517314  21.494155001593235
9031.073334419863  22.09505734839942
8885.081516069517  22.565765963365962
8774.363343204956  23.644205841181392
8413.62325698644  23.031728948534944
8733.634521725484  20.510400583897678
8649.968252560628  20.45993450495019
8719.077160586685  20.386871505034165
8582.169408727646  20.842301299193643
8713.067728029086  19.837259377321374
8483.578978070094  20.601603655725672
8455.272499397244  20.29968113840796
8509.580207506679  20.820977654328807
8544.6727086992  20.148191903284037
8609.148804919545  19.739460394829496
8489.689505464898  19.894164448387624
8658.707342570415  19.702624161910474
8594.077069054489  20.7097359527366
8796.027962766471  20.383980407196056
8848.888713311131  20.09661508945134
8880.572388247176  20.995994377900765
8943.684235060276  19.826285233107356
9127.99073714349  19.873958341706572
9073.669877737259  19.846740483601614
9206.68685011497  20.275784181190772
9286.158899121456  19.993509356216197
9139.514263391598  20.66253332875607
9262.168801977705  18.94927816675476
9374.946029861745  19.12357264669951
9309.408476402114  19.755733562113498
9228.88913772792  19.757296152325264
9305.86291896961  20.05488719908826
9975.76674592263  21.368158190205595
10425.990833676953  21.03159200329677
9983.766346151018  20.066560354658808
9973.962047898563  20.31467672310889
9996.386901280106  20.015748529302456
10056.438373462952  19.783540141616623
9471.526551621488  22.678763205409428
9977.74195918161  20.1565846397547
10060.877713791757  20.39308628698233
9430.030744062455  19.41644003341683
10248.142873685469  19.772850202696773
10375.407657151754  19.00598933419229
10205.947950021566  19.56053610328023
10307.589833158336  17.89593147487506
10102.78115808821  19.27019459588582
10100.618506611747  20.095149259612874
10008.912601655566  20.023100918626664
10162.672426405006  19.24703827570684
10719.657940751498  17.412297879956775
11121.322742714434  18.143356438231876
10587.894297428016  19.936443090570805
10411.757668016615  19.986556126560867
10330.73442050795  20.57079884962673
10505.844554882005  19.991808374489015
10108.894739209652  21.580232241249668
10147.871601573357  21.21689075702127
10386.614463118405  20.441107403990635
10631.57328241895  19.743819029626152
10678.666052817656  19.78068484481105
10649.452686384604  19.560717770161677
10736.548696076252  19.37582996451046
10717.538497771884  19.68939421102409
10641.341831664522  19.851826891682165
10602.893191006136  20.189389739116496
10772.79013916764  20.056665678237206
11230.695847687535  20.70777296565202
11573.200035544914  19.05890392081867
12039.557483562763  19.173032112923384
12026.870206975353  19.632300815448655
12147.78095656412  19.233266074510475
12032.5387916073  19.329627497134826
12122.204924769016  18.90217865269566
11895.922039631101  19.38793983330763
11894.08790197464  18.80582616945491
11704.243687004342  19.486744268836894
11525.149890564262  21.03870686132993
12138.888295937357  19.367593081914073
12186.062382708466  19.743848188329416
12348.5732811665  18.838045408089087
12238.909868919602  18.88568625382489
12174.284128339235  18.394531070054306
12086.090080930737  18.347804072156645
11932.773580793206  19.308660278765
12048.498118220683  18.68493872664068
11738.869395789347  19.641188511618846
11632.397601923365  20.531878712423378
11785.718816371093  19.537658429817448
11933.362700878231  18.794095917106524
11733.713135506865  18.96080043989345
11561.581585556878  19.417743895286577
11637.77919680074  19.111571660816054
11596.493264124292  19.1610654196075
11605.149606310968  19.70474826199886
11377.063707900417  20.396599319597282
11083.553040444878  20.5567346028628
10682.747830590457  12.626247442767129
9679.64663174494  21.621252525717154
10610.796786189341  20.341325810820113
10411.222308826487  19.4368433020983
10277.52279740389  19.09031453991321
10129.251685117188  16.98073421129744
9937.148008990784  17.700074858524967
9583.16030543289  18.19559873799121
9682.620088408248  18.746642856907172
9174.972466425008  19.387987315226315
9147.33893570998  18.59244093571351
7959.649351784549  20.316518272358888
8434.504190168429  19.446971469499267
8492.372644058398  19.411769738691973
8443.43443411737  19.26318998845665
8337.939540331325  20.671467478580464
7454.4447076618135  19.490880275076652
6962.681365457362  18.480230413469624
