start opti with method: <bound method nelder_mead_method.maximize of <__main__.nelder_mead_method object at 0x0000023E57CF5668>>
 0.          0.92098657 44.          0.81304857  0.77588662  0.75118069
 1.          0.88954039 51.          0.83029675  0.79023509  0.75143519
 2.          0.94406985 20.          0.83350122  0.88691049  0.78817707
 3.          0.91579185 35.          0.8122013   0.77076798  0.75      
 4.          0.87328862 40.          0.83326387  0.79273163  0.75053161
 5.          0.89931431 36.          0.81797641  0.77846611  0.75      
 6.          0.91620816 27.          0.8092071   0.76953908  0.76163083
 7.          0.98960125 37.          0.79632651  0.81752054  0.75519694
 8.          0.99835153 28.          0.87122401  0.90427327  0.76478799
 9.          0.99319912 30.          0.80351993  0.84862468  0.75604744
10.          0.98867404 30.          0.79353978  0.80585312  0.75      
11.          0.99178882 31.          0.79800184  0.83198331  0.75      
12.          0.89670357 30.          0.81824662  0.77789343  0.75322207
13.          0.9371503  30.          0.8016809   0.76213734  0.75407536
14.          1.00009206 38.          0.91245232  0.91593398  0.79418058
15.          0.99897111 20.          0.91228715  0.91317967  0.77084975
16.          0.99804534 22.          0.90444906  0.90581482  0.75342165
17.          0.99170005 26.          0.79775101  0.83299701  0.75618544
18.          0.99675399 23.          0.83213719  0.88607384  0.75479288
19.          0.98934434 29.          0.79345536  0.81209174  0.75748788
20.          0.97751583 38.          0.78243194  0.75        0.75      
21.          0.99086656 27.          0.79700913  0.82093661  0.75702067
22.          0.97221124 44.          0.78525613  0.75057392  0.75      
23.          0.95465835 31.          0.79114118  0.75723657  0.75419448
24.          0.94793251 34.          0.79022264  0.75145157  0.75156433
25.          0.95059933 31.          0.79113408  0.75742053  0.75420577
26.          0.94386936 43.          0.79135176  0.75        0.75590869
27.          0.94197242 38.          0.79408125  0.75586588  0.75759693
28.          0.94856544 26.          0.79250089  0.76709754  0.76482378
29.          0.94356003 26.          0.79343286  0.75912236  0.76443333
30.          0.94473822 26.          0.79500477  0.76733824  0.76610924
31.          0.91505116 28.          0.81895558  0.82997197  0.79166599
32.          0.92673227 24.          0.7968987   0.7576253   0.76682675
33.          0.91087898 32.          0.81974471  0.82475876  0.79550577
34.          0.92836684 22.          0.79415845  0.75462746  0.76705497
35.          0.90943455 24.          0.81905369  0.81904113  0.79626546
36.          0.90545699 29.          0.81814257  0.82124422  0.79179966
37.          0.90503771 26.          0.81691815  0.81967127  0.7924977 
38.          0.92646012 31.          0.79133941  0.75188507  0.75413633
39.          0.90396674 22.          0.79328861  0.82392505  0.80050701
40.          0.89313135 32.          0.81587136  0.79367415  0.79637348
41.          0.89454505 23.          0.81807316  0.80934288  0.79502879
42.          0.91268005 23.          0.79232971  0.75451704  0.77072413
43.          0.90174611 22.          0.79864746  0.76015229  0.76762451
44.          0.90342484 24.          0.79412281  0.75750572  0.75745212
45.          0.89568522 27.          0.79891457  0.76040038  0.75480256
46.          0.89464655 31.          0.79800289  0.75991186  0.75568291
47.          0.89413128 19.          0.7998192   0.75886698  0.75138438
48.          0.88104243 18.          0.80438879  0.76673492  0.75274457
49.          0.89285128 19.          0.79917412  0.75886939  0.75138586
50.          0.88291299 19.          0.80401694  0.76295824  0.75240858
51.          0.88412369 20.          0.80215032  0.76164841  0.75153113
52.          0.88361928 21.          0.80056443  0.75983851  0.7519168 
53.          0.87125679 18.          0.80591298  0.76637602  0.75001314
54.          0.86903551 21.          0.80823184  0.76986596  0.75002227
55.          0.89448686 24.          0.79378887  0.75520022  0.75      
56.          0.87597664 21.          0.80489434  0.76609267  0.75010277
57.          0.87673863 23.          0.80445266  0.7690066   0.75069784
58.          0.86890144 25.          0.80691103  0.76894704  0.75089992
59.          0.86906275 23.          0.80864263  0.76985183  0.7520833 
60.          0.8977014  40.          0.79560269  0.76171405  0.75706856
61.          0.91267162 40.          0.78759378  0.75        0.75      
62.          0.898934   40.          0.79516161  0.75717465  0.75      
63.          0.9854791  29.          0.76453869  0.77790673  0.75009695
64.          0.94067193 27.          0.77490094  0.75143662  0.75131149
65.          0.89957137 27.          0.79160837  0.75109956  0.75      
66.          0.89717193 33.          0.79311725  0.75430127  0.7552085 
67.          0.91920889 34.          0.78639775  0.75225192  0.75      
68.          0.92428312 33.          0.78284783  0.75008951  0.75182308
69.          0.9841175  35.          0.76211096  0.75239989  0.75001563
70.          0.98907109 45.          0.76902647  0.81094364  0.75      
71.          0.8928719  26.          0.79384196  0.75563338  0.7504681 
72.          0.9241106  36.          0.78225793  0.75        0.75485945
73.          0.88452924 28.          0.8035451   0.77331932  0.75636499
74.          0.87877315 29.          0.80950666  0.78536117  0.75032   
75.          0.88379805 38.          0.80817283  0.78637206  0.75248545
76.          0.90479686 31.          0.79513442  0.75730404  0.75165374
77.          0.90872996 33.          0.79545739  0.76017938  0.75115808
78.          0.85467765 39.          0.84109414  0.87891095  0.76157918
79.          0.82010735 31.          0.86037176  0.90812007  0.79666575
80.          0.88046759 33.          0.82186328  0.87138472  0.76360989
81.          0.99939661 33.          0.84507261  0.86025496  0.75      
82.          0.99456061 23.          0.93771578  1.          0.79894535
83.          0.89607297 36.          0.7964339   0.75664239  0.75      
84.          0.91708743 29.          0.78498336  0.75        0.75      
85.          0.89516811 37.          0.799225    0.76023386  0.75243674
86.          0.94719513 44.          0.7786308   0.75056827  0.75      
87.          0.98497569 34.          0.76228187  0.79813142  0.75105613
88.          0.98325611 28.          0.75308574  0.77167176  0.75      
89.          0.94169515 27.          0.76826305  0.75129126  0.75      
90.          0.94660019 27.          0.76751306  0.75055573  0.75      
91.          0.9458273  34.          0.77155878  0.75        0.75      
92.          0.94014506 18.          0.75        0.75        0.75      
93.          0.97349686 14.          0.75        0.75        0.75      
94.          0.98922197 29.          0.97995416  1.          0.78213975
95.          0.92549637 27.          0.76558353  0.75        0.75      
96.          0.89577451 20.          0.75        0.75        0.75      
97.          0.8964292  29.          0.79522386  0.82053119  0.7649364 
98.          0.91325581 40.          0.77487231  0.75        0.75      
99.          0.93549325 22.          0.76580836  0.75253862  0.75      
100.           0.95462989  14.           0.75         0.75
   0.75      
101.           0.94684525  23.           0.76361433   0.75
   0.75      
102.           0.93726225  24.           0.77031234   0.75
   0.75      
103.           0.95060604  20.           0.76596776   0.75
   0.75      
104.           0.95762168  26.           0.76107113   0.75
   0.75249289
105.           0.99207363  24.           0.78381542   0.84234695
   0.75      
106.           0.98256248  31.           0.76167038   0.78992267
   0.75018872
107.           0.97990242  39.           0.75889601   0.7633798
   0.75051868
108.           0.98000713  31.           0.76023098   0.76888954
   0.75087082
109.           0.95210642  26.           0.76106088   0.75
   0.75250201
110.           0.92856875  23.           0.76639335   0.75
   0.75      
111.           0.93711575  22.           0.76088847   0.75
   0.75      
112.           0.95543669  18.           0.75372198   0.75
   0.75      
113.           0.95131077  16.           0.75         0.75
   0.75      
114.           0.93547517  20.           0.76359259   0.75
   0.75      
115.           0.92411292  18.           0.75         0.86228276
   0.99226299
116.           0.93968847  20.           0.76024369   0.75
   0.75      
117.           0.91000846  52.           0.75         0.80853653
   0.88217375
118.           0.92407684  19.           0.75         0.9138912
   0.9704923 
119.           0.92417967  29.           0.75         0.90966323
   0.94139287
120.           0.9880505   55.           0.77917383   0.87866288
   0.75663797
121.           0.93346058  31.           0.75         0.75
   0.75179308
122.           0.92628648  22.           0.76211273   0.81600653
   0.89298002
123.           0.99418673  54.           0.80628548   0.86416904
   0.75      
124.           0.96531485  27.           0.8739045    0.88900585
   0.98909623
125.           0.96391663  22.           0.84739873   0.87468772
   0.98171262
126.           0.33903789  10.           1.           1.
   1.        
127.           0.9427927   20.           0.79009332   0.75
   0.75      
128.           0.96311436  22.           0.95478027   0.95959269
   0.99415921
129.           0.95896285  23.           1.           1.
   0.79139622
130.           0.99531864  57.           0.79812661   0.87024124
   0.75      
131.           0.95943291  24.           0.78680899   0.75
   0.75      
132.           0.95825218  27.           0.78452745   0.75
   0.75      
133.           0.99200581  59.           0.79332324   0.89765796
   0.75087388
134.           0.96439241  16.           0.89965041   0.88937392
   0.96414876
135.           0.96481383  27.           0.87708171   0.89731521
   0.96669896
136.           0.99772653  30.           0.93107263   0.91935046
   0.75      
137.           0.95800261  26.           0.80020397   0.82424891
   0.96231071
138.           0.9589659   27.           0.79983258   0.83870488
   0.97610001
139.           0.96335562  26.           0.82445544   0.89086009
   0.99370022
140.           0.98027029  33.           0.82833428   0.7501399
   0.75      
141.           0.94887095  23.           0.78683931   0.75
   1.        
142.           0.95677944  24.           0.79686433   0.81281184
   0.99975819
143.           0.9243876   19.           0.78569043   0.90045495
   0.99974726
144.           0.94241823  32.           0.79395497   0.75444474
   0.75      
145.           0.97971312  25.           0.80984079   0.75042663
   0.75      
146.           0.98006249  31.           0.78338859   0.76193984
   0.75      
147.           0.96625681  28.           0.78462075   0.75236148
   0.75      
148.           0.97231844  63.           0.79023285   0.78968835
   0.75      
149.           0.92470289  25.           0.7840139    0.88310987
   0.99401775
150.           0.9796224   25.           0.80682358   0.75
   0.75      
151.           0.92180551  20.           0.78459443   0.87524274
   0.99313239
152.           0.97537862  30.           0.78088756   0.75
   0.75      
153.           0.96173465  44.           0.78189447   0.75
   0.75      
154.           0.92287911  20.           0.80104718   0.90459428
   0.99990435
155.           0.88606084  20.           0.80144697   0.88416894
   1.        
156.           0.89970406  17.           0.75         0.8434778
   0.98541595
157.           0.92057949  37.           0.76372154   0.75
   0.97594189
158.           0.96175122  28.           0.7780652    0.75
   0.75      
159.           0.96119074  33.           0.77788366   0.75
   0.75      
160.           0.89941286  17.           0.79637488   0.89241477
   1.        
161.           0.97475537  36.           0.77800491   0.75
   0.75      
162.           0.91658022  19.           0.81699019   0.90502023
   0.89490921
163.           0.9055038   26.           0.85443295   0.94038772
   0.7889493 
164.           0.97343842  29.           0.79451008   0.75469688
   0.7518011 
165.           0.9845644   33.           0.79162675   0.77795057
   0.75      
166.           0.98337959  51.           0.83181251   0.75554687
   0.75      
167.           0.96314557  36.           0.79213201   0.75498681
   0.75      
168.           0.93091241  33.           0.80556315   0.76296334
   0.7514819 
169.           0.91272041  16.           0.75         0.99938694
   0.75      
170.           0.91642207  16.           0.75         1.
   0.75      
171.           0.90840733  21.           0.80526868   0.88445758
   1.        
172.           0.95731103  33.           0.79098751   0.75
   0.75      
173.          0.9241113  14.          0.75        1.          0.75     
174.           0.91579126  15.           0.75         1.
   0.75      
175.           0.93498901  27.           0.79534295   0.75
   0.75      
176.           0.93441472  32.           0.78121573   0.77665742
   0.75      
177.           0.90469107  30.           0.81540612   0.77619938
   0.7740901 
178.           0.94493035  38.           0.79375651   0.75626092
   0.75      
179.           0.93598573  27.           0.77112876   0.75
   0.75      
180.           0.89461582  27.           0.82431908   0.9510416
   0.75767129
181.           0.89661324  29.           0.82304893   0.95232023
   0.75681751
182.           0.9336224   34.           0.76115254   0.7522838
   0.75      
183.           0.92536955  27.           0.77347036   0.75194088
   0.75      
184.           0.92587511  29.           0.77414388   0.75215291
   0.75      
185.           0.89842079  25.           0.80228217   0.84120912
   0.93234992
186.           0.89901136  22.           0.81875609   0.93805814
   0.75741025
187.           0.94462689  29.           0.78841884   0.75
   0.75      
188.           0.94747872  28.           0.78746885   0.75
   0.75061877
189.           0.96104954  32.           0.78377905   0.75352708
   0.75317667
190.           0.94243352  40.           0.7619947    0.77151814
   0.75      
191.           0.90343846  16.           0.80923527   0.95505445
   0.75609381
192.           0.93076293  40.           0.760674     0.75
   0.75      
193.           0.94583067  30.           0.78656333   0.75157878
   0.75      
194.           0.92222456  30.           0.767872     0.75
   0.75      
195.           0.95745865  26.           0.78538137   0.75
   0.75316828
196.           0.97515602  36.           0.77974095   0.75283681
   0.75348098
197.           0.9681934   25.           0.77819512   0.75056645
   0.75122852
198.           0.98908549  31.           0.78598839   0.80598814
   0.75201422
199.           0.97701248  45.           0.77985717   0.75
   0.75      
200.           0.93895903  29.           0.79667371   0.75748207
   0.75040519
201.           0.95322932  25.           0.79030682   0.75
   0.75781335
202.           0.95790328  35.           0.7856037    0.75
   0.75488246
203.           0.95889341  35.           0.79204355   0.76806565
   0.76131195
204.           0.95937043  31.           0.78814106   0.75
   0.75466491
205.           0.98230059  34.           0.78167498   0.75
   0.75      
206.           0.99845897  31.           0.9468272    0.97294013
   0.85742981
207.           0.96213196  35.           0.77272212   0.75
   0.75      
208.           0.94698742  29.           0.77407502   0.75
   0.94041789
209.           0.93458075  24.           0.76039877   0.7506657
   0.75      
210.           0.93329643  24.           0.78541931   0.75
   0.75      
211.           0.93564169  32.           0.76799614   0.76464603
   0.75999267
212.           0.9657726   27.           0.77429225   0.75
   0.75060609
213.           0.97162027  31.           0.76786697   0.75
   0.75      
214.           0.95986781  22.           0.77555877   0.75
   0.75      
215.           0.93862741  24.           0.78460483   0.75
   0.75      
216.           0.94065858  24.           0.76062673   0.77060083
   0.76373576
217.           0.93754773  28.           0.7849848    0.75025057
   0.75      
218.           0.94945357  23.           0.78272559   0.75
   0.75      
219.           0.9518518   30.           0.78065861   0.75238738
   0.75      
220.           0.97714286  26.           0.77039466   0.7541303
   0.75      
221.           0.97581449  25.           0.7689854    0.75
   0.75108993
222.           0.96797612  26.           0.77253732   0.75
   0.7507076 
223.           0.99153837  69.           0.78162988   0.82521241
   0.75188195
224.           0.94456145  24.           0.76905662   0.82721763
   0.75      
225.           0.9441043   24.           0.77072034   0.83163861
   0.75      
226.           0.9425849   23.           0.78697004   0.75048923
   0.75      
227.          0.9509864  28.          0.7844899   0.75        0.75     
228.           0.93010456  31.           0.76306635   0.76566929
   0.76987691
229.           0.94542748  29.           0.78601348   0.75
   0.75      
230.           0.93795213  31.           0.78921507   0.75060551
   0.75      
231.           0.93995017  26.           0.78765969   0.75186227
   0.75010958
232.           0.97379303  32.           0.77745186   0.75
   0.75      
233.           0.79212121  22.           0.92017382   0.98794754
   0.83464305
234.           0.86376418  27.           0.80529408   0.75
   0.75      
235.           0.98981144  31.           0.79778534   0.82167441
   0.75      
236.           0.99751466  26.           0.83892066   0.88140474
   0.75166525
237.           0.95876408  37.           0.78335967   0.75087757
   0.75      
238.           0.9887251   61.           0.78395699   0.81060518
   0.75069911
239.           0.97885238  32.           0.7749773    0.75
   0.75      
240.           0.94217287  35.           0.79303135   0.77049871
   0.75571882
241.           0.93110048  27.           0.81527924   0.85285671
   0.77795006
242.           0.96822002  22.           0.77963838   0.75
   0.75      
243.           0.99920845  30.           0.87055666   0.8858904
   0.75462803
244.           0.9981118   27.           0.8377635    0.87833783
   0.75358572
245.           0.99750522  35.           0.8251286    0.87423672
   0.75326881
246.           0.98740175  36.           0.79429007   0.79955564
   0.7543463 
247.           0.99266325  35.           0.79719294   0.84969928
   0.75824968
248.           0.99433007  29.           0.79528569   0.85874392
   0.75555529
249.           0.98496342  28.           0.78588743   0.79251848
   0.75707332
250.           0.99042472  31.           0.79121507   0.83500688
   0.75968836
251.           0.99907615  29.           0.86534862   0.88773231
   0.75584409
252.           0.99810151  39.           0.93331404   0.93058727
   0.78164762
253.           0.97815013  30.           0.82426474   0.85651782
   0.75079507
254.           0.96335885  31.           0.7507824    0.77195184
   0.75      
255.           0.94419268  26.           0.75934218   0.75
   0.75266155
256.           0.90112519  40.           0.79195805   0.81620399
   0.75      
257.           1.00020132  42.           0.90410785   0.90313506
   0.77541021
258.           0.99778916  24.           0.83771367   0.88415373
   0.7586079 
259.           0.97327607  30.           0.78410186   0.75
   0.75143019
260.           0.96304353  31.           0.78788175   0.75591609
   0.7542627 
261.           0.98040862  27.           0.78218576   0.75893802
   0.75100019
262.           0.97033754  27.           0.78514645   0.75
   0.75      
263.           0.98285028  41.           0.78295815   0.77329235
   0.75237903
264.           0.94302519  36.           0.79269309   0.8788874
   0.77268963
265.           0.92169588  39.           0.76881024   0.75
   0.75      
266.           0.89371993  34.           0.77965503   0.75023667
   0.75      
267.           0.98096529  53.           0.78434328   0.75254556
   0.75      
268.           0.94550874  42.           0.76653861   0.81496349
   0.75581015
269.           0.92556478  26.           0.80762011   0.9364688
   0.75072134
270.           0.90995023  41.           0.81065445   0.91562924
   0.75      
271.           0.88876389  33.           0.75         0.77256772
   0.75004862
272.           0.93371089  49.           0.75293982   0.75
   0.75      
273.           0.97958068  56.           0.76905646   0.75357067
   0.75039511
274.           0.90838754  30.           0.79185384   0.84790319
   0.75241269
275.           0.88344708  22.           0.81928221   0.89599116
   0.84357867
276.          0.8925998  34.          0.7619884   0.75        0.75     
277.           0.88208842  29.           0.81009543   0.85151941
   0.79694959
278.         0.781938  12.         1.         1.         1.      
279.           0.87902656  23.           0.78344952   0.75
   0.75      
280.           0.91145053  39.           0.76240511   0.75
   0.75      
281.           0.91354101  31.           0.76622487   0.7952219
   0.75      
282.           0.88089532  26.           0.80219387   0.75456839
   0.75      
283.           0.82975004  51.           0.85797862   0.81702683
   0.77247748
284.           0.9250981   28.           0.82799658   0.84372265
   0.79875368
285.           0.90695039  36.           0.81487495   0.7758897
   0.75      
286.           0.91669942  25.           0.81193773   0.77272904
   0.750516  
287.           0.97922569  32.           0.7872085    0.75
   0.75623934
288.           0.95992679  36.           0.79056744   0.75
   0.75006957
289.           0.91698714  26.           0.80931059   0.76828365
   0.75      
290.           0.95672802  35.           0.79219934   0.75
   0.75085048
291.           0.95620568  30.           0.79156937   0.75339071
   0.76679646
292.           0.92791652  38.           0.81264916   0.76552008
   0.78370302
293.           0.89742578  23.           0.8173002    0.77666631
   0.7513414 
294.           0.92508395  23.           0.79960684   0.76141965
   0.75      
295.           0.95580872  32.           0.78627916   0.75
   0.75496578
296.           0.96971307  26.           0.78095227   0.75222221
   0.754903  
297.           0.94965038  31.           0.78745621   0.75
   0.75      
298.           0.95892874  27.           0.78308792   0.75
   0.75      
299.           0.95576447  24.           0.78293871   0.75
   0.75      
300.           0.89904771  26.           0.80222753   0.76617418
   0.75364848
301.           0.91787781  25.           0.79992463   0.7601116
   0.76251275
302.           0.98557222  27.           0.77614305   0.76524297
   0.75      
303.           0.96420054  25.           0.77982393   0.75
   0.75532863
304.           0.96786234  26.           0.77842614   0.75
   0.75      
305.           0.95222499  23.           0.78194917   0.75
   0.75      
306.           0.95766535  23.           0.77965111   0.75
   0.75      
307.           0.94957462  25.           0.78303754   0.75
   0.75      
308.           0.92932188  25.           0.78954539   0.75
   0.7533917 
309.           0.93558482  24.           0.7884438    0.75
   0.75001471
310.           0.93084802  24.           0.78784757   0.75222917
   0.75015152
311.           0.90829105  29.           0.79637272   0.75789855
   0.75      
312.           0.91886863  26.           0.79028158   0.75224159
   0.7513995 
313.           0.8966161   22.           0.80192826   0.76152093
   0.76039303
314.           0.899539    27.           0.79978429   0.76182794
   0.75126304
315.           0.89710874  22.           0.79739654   0.75911069
   0.75      
316.           0.90694534  25.           0.79328506   0.75696335
   0.75020723
317.           0.89931609  22.           0.79874798   0.75918964
   0.75576627
318.           0.88357725  19.           0.80308577   0.76362056
   0.75      
319.           0.89522363  22.           0.79641145   0.75720705
   0.75090782
320.           0.89344393  24.           0.79726944   0.75974383
   0.75076059
321.           0.89893672  21.           0.79399087   0.7539612
   0.75533309
322.           0.89062113  20.           0.79609036   0.75755165
   0.75      
323.           0.88665985  20.           0.79627098   0.75932437
   0.75      
324.           0.88063602  22.           0.80089752   0.76124597
   0.76135623
325.           0.88457588  21.           0.79947442   0.75879681
   0.76110475
326.           0.87641344  20.           0.80271327   0.76320439
   0.7543984 
327.           0.8774234   24.           0.80009727   0.76056479
   0.75259701
328.           0.89210356  21.           0.79136822   0.75518795
   0.75349553
329.           0.87511792  24.           0.79827263   0.76385676
   0.75244908
330.           0.8752711   21.           0.80000486   0.7608536
   0.76260806
331.           0.86417357  20.           0.80275477   0.76616792
   0.7530654 
332.           0.86047257  25.           0.80487003   0.76572238
   0.75680406
333.           0.86535796  21.           0.79569281   0.75824273
   0.75005522
334.           0.86899171  17.           0.79290488   0.75326726
   0.75201211
335.           0.87045907  18.           0.79500252   0.75751731
   0.75536612
336.           0.86967193  18.           0.79800497   0.76564712
   0.77300325
337.           0.86612907  21.           0.79488681   0.75876744
   0.75205352
338.           0.813766    13.           0.83237251   0.79632427
   0.7850549 
339.           0.83296156  20.           0.81778539   0.78137037
   0.76289034
340.           0.83610576  26.           0.81669013   0.77886148
   0.75352472
341.           0.84006466  28.           0.81609441   0.77895621
   0.75301175
342.           0.8428862   27.           0.81675707   0.77555331
   0.75      
343.           0.84271745  20.           0.82198699   0.78069463
   0.78468293
344.           0.88662584  18.           0.79479392   0.75947492
   0.75      
345.           0.89586864  28.           0.78842884   0.75
   0.75416599
346.           0.85214415  21.           0.8120518    0.77280447
   0.75197103
347.           0.83912041  20.           0.82229277   0.78142474
   0.75244306
348.           0.84573327  31.           0.82657923   0.78758283
   0.81144027
349.           0.85383661  39.           0.8159767    0.77828728
   0.75      
350.           0.88432867  33.           0.80048332   0.76303737
   0.75076521
351.           0.90876047  24.           0.79105582   0.75
   0.75      
352.           0.911627    31.           0.79346246   0.76406779
   0.75756773
353.           0.91155068  31.           0.79255992   0.75766673
   0.75      
354.           0.99805587  23.           0.83727688   0.86991444
   0.75      
355.           0.99897626  28.           0.85160204   0.87683295
   0.76889403
356.           0.97701495   9.           1.           1.
   0.75      
357.           0.92964151  34.           0.78084422   0.75376995
   0.75      
358.           0.9292532   46.           0.78155172   0.75187191
   0.75040391
359.           0.91012734  34.           0.79266146   0.76031911
   0.75087547
360.           0.95013703  45.           0.77837855   0.75620225
   0.75      
361.           0.95134829  42.           0.77752149   0.75
   0.75      
362.           0.88143591  32.           0.76746952   0.75697953
   0.75      
363.           0.92298484  28.           0.75         0.76342228
   0.75201631
364.           0.881095    42.           0.79595125   0.7573822
   0.75584018
365.           0.90511297  37.           0.78579356   0.75167396
   0.75354583
366.           0.88990471  36.           0.79503545   0.75443572
   0.75493528
367.           0.90458251  28.           0.78940215   0.75
   0.75649384
368.           0.91018903  31.           0.78898264   0.75038687
   0.76614228
369.           0.91749502  32.           0.78684484   0.75138781
   0.75      
370.           0.94852623  25.           0.77662364   0.75
   0.75      
371.           0.9419266   27.           0.76598008   0.75
   0.75050635
372.           0.93897804  19.           0.75         0.75
   0.75      
373.           0.95499607  27.           0.75545369   0.75
   0.75      
374.           0.99343122  44.           0.77111642   0.84083664
   0.75293809
375.           0.86647201  29.           0.80507498   0.76440765
   0.75      
376.           0.92983674  66.           0.7687053    0.80998929
   0.75      
377.           0.90508719  27.           0.76814539   0.75
   0.75003868
378.           0.91660596  30.           0.77722316   0.80727811
   0.75189073
379.           0.92555546  42.           0.77658827   0.81873486
   0.75      
380.           0.93932551  43.           0.7620731    0.77821317
   0.75      
381.           0.93407528  48.           0.78353234   0.8561962
   0.75370572
382.           0.95847289  21.           0.75         0.75
   0.75      
383.           0.95549337  42.           0.75352779   0.75
   0.75      
384.           0.94469579  69.           0.77216984   0.82637183
   0.75012549
385.           0.92361297  19.           0.75         0.75
   0.75      
386.           0.94586994  36.           0.75870178   0.75
   0.75      
387.           0.97202041  15.           0.75         0.75412772
   0.75      
388.           0.95510061  51.           0.77581086   0.84826353
   0.750276  
389.           0.94478755  51.           0.77150046   0.80859657
   0.75072424
390.           0.93489948  22.           0.75         0.75
   0.75      
391.           0.92789374  29.           0.75022008   0.77693101
   0.75      
392.           0.93971068  41.           0.77300816   0.7984391
   0.75      
393.           0.93640551  22.           0.75         0.75
   0.75      
394.           0.93690611  30.           0.76414645   0.75
   0.75      
395.           0.93746334  27.           0.76268761   0.75
   0.75      
396.           0.92396736  40.           0.87344058   0.88682958
   0.7826005 
397.           0.93445128  42.           0.77133741   0.78376367
   0.75      
398.           0.88533268  35.           0.80854456   0.7711054
   0.75      
399.           0.9873348   43.           0.77109559   0.78323087
   0.75072431
400.           0.99766708  29.           0.80708473   0.86229816
   0.75      
401.           0.99788822  28.           0.81442383   0.86287821
   0.75448377
402.           0.99835285  27.           0.82632222   0.8641665
   0.75      
403.           0.98991046  34.           0.77511693   0.82204918
   0.75884973
404.           0.97054764  26.           0.76878798   0.75
   0.75      
405.           0.96241135  36.           0.77127078   0.75
   0.75100922
406.           0.9906876   69.           0.79626556   0.8067167
   0.75562605
407.           0.95851853  23.           0.77539931   0.76961016
   0.75      
408.           0.97885467  52.           0.78249644   0.84552863
   0.75640853
409.           0.96677405  27.           0.76826784   0.75
   0.75      
410.           0.96073625  27.           0.77033774   0.75322109
   0.75      
411.           0.96614321  26.           0.76717187   0.75
   0.75058581
412.           0.96562521  30.           0.76985891   0.75667257
   0.75      
413.           0.95929188  31.           0.76885985   0.75
   0.75      
414.           0.95194951  28.           0.77170819   0.75303123
   0.75      
415.           0.97089341  27.           0.76278163   0.75
   0.75081733
416.           0.96907422  28.           0.76404959   0.75
   0.75      
417.           0.9620771   24.           0.7715533    0.76812626
   0.75      
418.           0.95358429  33.           0.77092017   0.76382343
   0.75      
419.           0.93834866  26.           0.75         0.75505725
   0.75      
420.           0.94245853  24.           0.77133653   0.75
   0.75      
421.           0.95049014  32.           0.77054174   0.75228831
   0.75178276
422.           0.96952136  20.           0.75         0.75
   0.75      
423.           0.93784836  29.           0.75206751   0.80232891
   0.75      
424.           0.91609358  24.           0.78470049   0.75180339
   0.75195916
425.           0.92465796  34.           0.78302187   0.75
   0.75313912
426.           0.92265303  32.           0.75107535   0.75
   0.79223557
427.           0.92776136  31.           0.75842912   0.76855063
   0.77135124
428.           0.89546764  29.           0.79106076   0.75
   0.75      
429.           0.94312767  47.           0.77128418   0.75133301
   0.75      
430.           0.90969598  25.           0.78511875   0.75
   0.75163485
431.           0.90131816  24.           0.78916394   0.75033746
   0.75429079
432.           0.93319762  21.           0.75         0.75
   0.75829504
433.           0.90826709  32.           0.79037972   0.75396392
   0.76760474
434.           0.90658968  35.           0.79157184   0.76328294
   0.76856613
435.           0.92373097  31.           0.77689947   0.75031369
   0.75572697
436.           0.94041476  28.           0.77036319   0.75
   0.75      
437.           0.93553194  40.           0.77575075   0.75
   0.75011643
438.          0.9157494  24.          0.7809469   0.75        0.75     
439.           0.93484424  31.           0.77185924   0.75230483
   0.75169479
440.           0.93425968  31.           0.77306761   0.75157891
   0.75204975
441.           0.90756904  26.           0.76072421   0.75836618
   0.75203391
442.           0.91456384  30.           0.75         0.75
   0.75199441
443.           0.95568601  24.           0.78043508   0.75
   0.75636086
444.           0.93455473  27.           0.76694575   0.75835943
   0.76382318
445.           0.92854782  25.           0.78567568   0.75153473
   0.76235251
446.           0.95628853  28.           0.77754448   0.7527599
   0.75580716
447.           0.96132075  27.           0.77284575   0.75323507
   0.75547071
448.           0.93354431  25.           0.76014308   0.78603579
   0.75864554
449.           0.93016569  29.           0.75742989   0.75
   0.75      
450.           0.92393333  30.           0.78715215   0.75
   0.76466773
451.           0.9022411   42.           0.79013659   0.75032601
   0.75      
452.           0.93280183  23.           0.75256002   0.75
   0.75      
453.           0.90634066  24.           0.76891676   0.78845419
   0.75      
454.           0.86001473  27.           0.8165483    0.77629954
   0.75      
455.           0.9357282   24.           0.75364845   0.75
   0.76317372
456.           0.95681196  31.           0.79215931   0.7713461
   0.76191599
457.           0.95815301  36.           0.78031202   0.77803101
   0.76026919
458.           0.97054019  35.           0.77031437   0.75
   0.75      
459.           0.97154105  31.           0.77682432   0.79562767
   0.75757687
460.           0.96318116  30.           0.77111764   0.75
   0.75506391
461.           0.96865951  29.           0.77478956   0.78340545
   0.75362603
462.           0.94786912  33.           0.78247655   0.77164149
   0.76311952
463.           0.9432713   34.           0.78281399   0.76525873
   0.765162  
464.           0.97041271  37.           0.77213239   0.75
   0.75      
465.           0.97357358  30.           0.78260036   0.79181237
   0.75756176
466.           0.98401558  36.           0.77492223   0.78562947
   0.75306347
467.           0.97664818  32.           0.77957206   0.79422132
   0.75669292
468.           0.99008594  34.           0.77504758   0.79540825
   0.75135012
469.           0.94736305  32.           0.78392886   0.76812005
   0.76504588
470.           0.97300752  38.           0.77959846   0.78878227
   0.75677113
471.           0.96359702  39.           0.78409336   0.7880405
   0.76326418
472.           0.99075343  33.           0.77562962   0.80288541
   0.75328765
473.           0.98787299  35.           0.77450075   0.78643636
   0.75      
474.           0.99042782  31.           0.77899969   0.80579609
   0.75036005
475.           0.96674425  35.           0.78376227   0.7885781
   0.76102865
476.           0.966005    32.           0.77565202   0.75
   0.75580555
477.           0.97913367  31.           0.772459     0.75047269
   0.75492388
478.           0.9609661   30.           0.78441921   0.77846653
   0.75774525
479.           0.94726229  23.           0.764862     0.79325317
   0.75000568
480.           0.94245318  25.           0.77233101   0.84163812
   0.75      
481.           0.9399933   29.           0.7877005    0.75138084
   0.75      
482.           0.98750704  47.           0.77762481   0.78028012
   0.75321249
483.           0.99960766  20.           0.91511637   0.88863447
   0.78723664
484.           0.99931494  23.           0.85475728   0.87323339
   0.77369031
485.           0.97856518  31.           0.77746883   0.80349459
   0.75968769
486.           0.93665571  27.           0.78076617   0.75247948
   0.75285271
487.           0.8967294   27.           0.79255455   0.92926045
   0.75399287
488.           0.93640617  21.           0.75         0.75
   0.75      
489.           0.92582252  23.           0.75490003   0.75609634
   0.75      
490.           0.93028172  21.           0.78146046   0.75
   0.75954092
491.           0.94593744  26.           0.77618034   0.75
   0.75      
492.           0.94517109  23.           0.77075027   0.75
   0.75      
493.           0.94526353  26.           0.77896406   0.75
   0.75      
494.           0.97316198  24.           0.76921888   0.75037674
   0.75      
495.           0.94283122  20.           0.76718902   0.75381497
   0.75018008
496.           0.93480592  20.           0.76734326   0.75328788
   0.75037425
497.           0.92837163  25.           0.75180965   0.77573008
   0.75019984
498.           0.9244648   28.           0.77319093   0.75470528
   0.75254405
499.           0.93230483  28.           0.7682215    0.75
   0.75198958
500.           0.91366925  30.           0.77685231   0.75
   0.75      
501.           0.9072235   21.           0.75010295   0.75
   0.75      
502.           0.8925328   29.           0.80378746   0.76407059
   0.75      
503.           0.90679656  29.           0.79634276   0.75724619
   0.75616899
504.           0.90673766  22.           0.78181535   0.75
   0.76369382
505.           0.93535905  26.           0.7816409    0.75
   0.75      
506.           0.93093907  32.           0.78126732   0.75
   0.75041241
507.           0.91548919  26.           0.79275552   0.75346796
   0.75      
508.           0.92334482  30.           0.78941791   0.75
   0.75      
509.           0.94215264  27.           0.78001162   0.75
   0.75      
510.           0.89287048  30.           0.82932685   0.90237206
   0.75019306
511.           0.94552133  27.           0.77984798   0.75
   0.75      
512.           0.94436853  27.           0.78310561   0.75051756
   0.75      
513.           0.91313029  26.           0.79414769   0.75
   0.75      
514.           0.87240794  32.           0.81631369   0.77722663
   0.7580683 
515.           0.91677009  29.           0.78186168   0.75
   0.75209706
516.           0.88586638  36.           0.80250151   0.75618409
   0.76831465
517.           0.89673612  29.           0.78641563   0.75047781
   0.75      
518.           0.85613567  26.           0.81076062   0.77849253
   0.75236036
519.           0.87586918  32.           0.79762851   0.75850304
   0.751292  
520.           0.89509889  27.           0.78863392   0.75
   0.75      
521.           0.89511117  26.           0.78743604   0.75
   0.75      
522.           0.9061302   29.           0.78464292   0.75160768
   0.75496149
523.           0.92393982  27.           0.77589524   0.75
   0.75      
524.           0.91774321  28.           0.77987728   0.75
   0.75      
525.           0.91818139  32.           0.78146942   0.75
   0.75      
526.           0.89646949  29.           0.78769786   0.7551074
   0.75      
527.           0.87298094  33.           0.80381766   0.76368565
   0.75034325
528.           0.91743365  30.           0.76095488   0.75
   0.75      
529.           0.86164204  49.           0.81140149   0.77652105
   0.75      
530.           0.93688944  25.           0.77512811   0.75
   0.75      
531.           0.9466827   34.           0.77073003   0.75563077
   0.75      
532.           0.94449496  38.           0.7716009    0.75396291
   0.75136524
533.           0.9502117   19.           0.75021745   0.75
   0.75      
534.           0.96861325  31.           0.76291324   0.75253353
   0.75889862
535.           0.97893356  37.           0.76429713   0.76434889
   0.75      
536.           0.966437    44.           0.75826838   0.75
   0.75046655
537.           0.98220012  28.           0.76648914   0.76706921
   0.75      
538.           0.95604894  34.           0.77049254   0.75079344
   0.7503685 
539.           0.97408259  25.           0.76584186   0.75
   0.75032196
540.           0.93825208  26.           0.77677717   0.75
   1.        
541.           0.97811742  26.           0.76515494   0.75042841
   0.75      
542.           0.95303313  22.           0.82829119   0.75
   0.98901614
543.           0.98001026  41.           0.93826796   0.75
   0.75      
544.           0.95137717  27.           0.77201371   0.75080987
   0.99902263
545.           0.95795244  26.           0.78465824   0.80925432
   0.98770648
546.           0.94474387  29.           0.77717294   0.75066021
   1.        
547.           0.88921569  35.           0.80267251   0.75880816
   0.75      
548.           0.96376829  20.           0.76837798   0.75
   0.75      
549.           0.98898223  33.           0.77122267   0.87183921
   0.75086124
550.           0.9770581   22.           0.76224071   0.75
   0.75      
551.           0.94702439  49.           0.77536643   0.75
   0.75      
552.           0.92674342  39.           0.78196418   0.75
   0.75      
553.           0.95950367  29.           0.77067075   0.75
   0.75      
554.           0.92316943  28.           0.78653758   0.75
   0.75      
555.           0.92804855  30.           0.78080591   0.75
   0.75221339
556.           0.91683679  39.           0.78496243   0.75
   0.75      
557.           0.88733611  47.           0.79605963   0.75868957
   0.75023929
558.           0.84982799  28.           0.81979862   0.78195719
   0.75      
559.           0.87898772  39.           0.80011841   0.7606854
   0.75      
560.           0.89983459  27.           0.78930084   0.75204012
   0.75008201
561.           0.91553326  25.           0.77966535   0.75
   0.75      
562.           0.84749399  26.           0.8155012    0.77695094
   0.75      
563.           0.85750649  23.           0.80830381   0.77108132
   0.75      
564.           0.87823857  27.           0.79334932   0.75793759
   0.75041752
565.           0.85902512  35.           0.80499304   0.76777691
   0.76989225
566.           0.85207419  24.           0.80695283   0.76645646
   0.75      
567.           0.80591504  27.           0.83379655   0.79483368
   0.7500149 
568.           0.9192733   29.           0.78150606   0.75783505
   0.75      
569.           0.85309588  22.           0.83665364   0.86684733
   0.79511464
570.           0.89158995  32.           0.81602518   0.77466702
   0.75      
571.           0.87802416  26.           0.82126891   0.78035207
   0.75      
572.           0.89049155  27.           0.81828455   0.78479234
   0.75636888
573.           0.92235704  21.           0.82772214   0.87542785
   0.79783139
574.           0.951308    25.           0.78566803   0.75
   0.75056109
575.           0.94381111  30.           0.78953053   0.75
   0.75      
576.           0.91798262  33.           0.79968225   0.76111486
   0.75316048
577.           0.88126272  27.           0.81825402   0.77758508
   0.75      
578.           0.92191981  34.           0.79901035   0.75868416
   0.75135038
579.           0.9151953   24.           0.81727101   0.83978714
   0.75      
580.           0.91257342  28.           0.80011921   0.7613146
   0.75      
581.           0.91012242  27.           0.80247718   0.76251049
   0.75025455
582.           0.86851813  35.           0.8238176    0.78496525
   0.75      
583.           0.81500266  39.           0.85672319   0.81396041
   0.77023808
584.           0.91634572  22.           0.79767092   0.75
   0.75061877
585.           0.9414767   28.           0.79315617   0.75903675
   0.76106035
586.           0.9383885   27.           0.79167747   0.75
   0.75      
587.           0.99043441  26.           0.79338255   0.81837952
   0.75155272
588.           0.90536838  23.           0.80259599   0.75189904
   0.75      
589.           0.92812588  22.           0.79825034   0.75955769
   0.75      
590.           0.98634449  32.           0.79069989   0.8063812
   0.75345831
591.           0.99516441  30.           0.80365279   0.86554128
   0.76698427
592.           0.9903137   24.           0.7941271    0.81460899
   0.7515284 
593.           0.98182215  39.           0.78132395   0.75927849
   0.75030104
594.           0.98084922  24.           0.78105146   0.754894
   0.75      
595.           0.9722688   29.           0.78400567   0.75
   0.75      
596.           0.94968081  23.           0.79250802   0.75507426
   0.75603775
597.           0.96057417  37.           0.79150865   0.76005829
   0.75256805
598.           0.9856938   48.           0.78818661   0.78065292
   0.75035515
599.           0.94954214  35.           0.79871953   0.77135176
   0.75936499
600.           0.93323704  28.           0.80317159   0.76241104
   0.75226993
601.           0.91981911  26.           0.80914967   0.76725761
   0.75078488
602.           0.90962883  26.           0.81291739   0.77395158
   0.75370052
603.           0.93650957  25.           0.80241492   0.76447916
   0.75148163
604.           0.95048861  41.           0.7967014    0.75734511
   0.75      
605.           0.92161628  29.           0.80947293   0.76808251
   0.75284303
606.           0.91902779  25.           0.8120172    0.77265315
   0.75      
607.           0.94613378  39.           0.79577247   0.75739812
   0.75642402
608.           0.95594764  42.           0.79308839   0.75311445
   0.75213395
609.           0.93706928  43.           0.79982779   0.7628031
   0.75      
610.           0.91981733  20.           0.83199617   0.8654793
   0.76719776
611.           0.91575309  31.           0.81188187   0.77258368
   0.75      
612.           0.91099294  24.           0.81441264   0.77303833
   0.75110233
613.           0.89181555  27.           0.82469825   0.78195398
   0.75      
614.           0.91009922  26.           0.81323047   0.77170587
   0.75048461
615.           0.90069903  26.           0.81593284   0.77689557
   0.75022187
616.           0.91777272  28.           0.80967558   0.76817123
   0.75      
617.           0.91441382  21.           0.81018401   0.76994879
   0.75      
618.           0.90922981  23.           0.81387683   0.77641161
   0.75080622
619.           0.88348307  22.           0.82608576   0.78319488
   0.7535908 
620.           0.90315694  24.           0.81461917   0.77631695
   0.75      
621.           0.8923487   21.           0.82129287   0.77859228
   0.75477924
622.           0.89134491  23.           0.82101355   0.77817976
   0.75      
623.           0.88477051  26.           0.8236422    0.78101119
   0.75035158
624.           0.88407859  24.           0.8232962    0.78123142
   0.75241053
625.           0.89365744  25.           0.81581691   0.77603534
   0.75096102
626.           0.89246894  22.           0.8163162    0.77722639
   0.7539103 
627.           0.88990947  20.           0.81875955   0.77750797
   0.75570023
628.           0.8997805   26.           0.81272752   0.77403688
   0.75      
629.           0.87759158  30.           0.82198081   0.78179362
   0.75063345
630.           0.89111929  27.           0.81719346   0.77773479
   0.75217942
631.           0.89802715  23.           0.81044169   0.77061792
   0.75      
632.           0.8859648   24.           0.81806703   0.77674674
   0.7500195 
633.           0.87523729  20.           0.8231851    0.78168486
   0.7506999 
634.           0.8923066   24.           0.81406225   0.77450249
   0.75577248
635.           0.86885366  27.           0.8258154    0.78756873
   0.75      
636.           0.93529296  28.           0.79396625   0.75288911
   0.75235055
637.           0.94102312  28.           0.78710885   0.75
   0.75552082
638.           0.88826858  41.           0.81155859   0.77239325
   0.75      
639.           0.88420637  30.           0.82925634   0.8206575
   0.80177797
640.           0.93033857  34.           0.78974105   0.75
   0.75561279
641.           0.84089323  23.           0.84343139   0.80833828
   0.7944508 
642.           0.82716542  19.           0.81651896   0.82676525
   0.80498833
643.           0.8490522   35.           0.83049964   0.79035502
   0.75      
644.           0.83531169  31.           0.84104162   0.80171088
   0.76293183
645.           0.86123655  28.           0.82258224   0.78223035
   0.75      
646.           0.91296467  29.           0.79654321   0.76033091
   0.75114122
647.           0.84948669  33.           0.83097188   0.7896516
   0.75      
648.           0.85963496  28.           0.8286013    0.78914752
   0.76693374
649.           0.85236118  32.           0.83083736   0.79129419
   0.75043138
650.           0.85947031  26.           0.8313645    0.79625005
   0.76763119
651.           0.91500105  31.           0.80248623   0.76263389
   0.75702381
652.           0.96693917  27.           0.78167615   0.75
   0.75      
653.           0.94363525  30.           0.78686166   0.75
   0.75      
654.           0.96078083  21.           0.76093632   0.75
   0.75      
655.           0.8802376   21.           0.80593692   0.76359434
   0.76645144
656.           0.93750187  38.           0.75         0.75
   0.75      
657.           0.89681464  35.           0.76824161   0.75220113
   0.75246791
658.           0.90349821  43.           0.76815467   0.75
   0.75      
659.           0.89298273  23.           0.79781651   0.75644539
   0.75      
660.           0.91568065  16.           0.75         0.75
   0.75      
661.           0.87526494  26.           0.80495976   0.76485388
   0.75208097
662.           0.94072466  27.           0.75         0.78140195
   0.75      
663.           0.9490819   20.           0.77484791   0.75
   0.75      
664.           0.93064507  29.           0.78520236   0.75
   0.75      
665.           0.86868249  41.           0.81953658   0.77963107
   0.75065323
666.           0.99715608  28.           0.91294222   0.90305615
   0.75345634
667.           0.92254763  32.           0.77326024   0.75141735
   0.75      
668.           0.90362038  34.           0.75900224   0.75
   0.75      
669.           0.90427732  35.           0.75290107   0.75
   0.75      
670.           0.92113216  33.           0.7874465    0.80113274
   0.7500642 
671.           0.9116846   47.           0.78862109   0.77772691
   0.75      
672.           0.90704211  28.           0.78748801   0.75839584
   0.75      
673.           0.92421706  35.           0.79072155   0.80347149
   0.75004834
674.           0.94051027  33.           0.75         0.77685695
   0.75      
675.           0.94205319  34.           0.78128838   0.78829691
   0.75      
676.           0.92894666  44.           0.78984915   0.79585716
   0.75      
677.           0.94391867  23.           0.77255994   0.75160563
   0.75      
678.           0.95974564  31.           0.7675801    0.75
   0.75      
679.           0.9310755   38.           0.78175261   0.75
   0.75      
680.           0.90364416  38.           0.79667656   0.75883403
   0.75338534
681.           0.91449828  45.           0.79233176   0.76801323
   0.75035001
682.           0.89499159  30.           0.79978592   0.76163147
   0.75133891
683.           0.89391691  35.           0.80386821   0.7658007
   0.7607247 
684.           0.89027496  35.           0.80180364   0.76285563
   0.75      
685.           0.92110209  32.           0.79369528   0.79226201
   0.75268538
686.           0.90765292  27.           0.79263491   0.75573474
   0.75072089
687.           0.90805416  30.           0.79212804   0.75907833
   0.75034359
688.           0.91366516  33.           0.79115256   0.77634441
   0.75214895
689.           0.88693989  35.           0.80092092   0.76130077
   0.75      
690.           0.89294442  33.           0.79683534   0.75733669
   0.75      
691.           0.94598572  36.           0.76998994   0.75
   0.7506724 
692.           0.88504656  25.           0.81602141   0.77510773
   0.75885746
693.           0.89698231  27.           0.80982684   0.76982715
   0.75154729
694.           0.94178177  47.           0.78836747   0.75115773
   0.75003513
695.           0.93561624  29.           0.76947259   0.75071051
   0.75258011
696.           0.93131995  26.           0.79003728   0.75256444
   0.75131192
697.           0.92312973  27.           0.76648027   0.75165672
   0.75169064
698.           0.93783424  31.           0.77131677   0.81045509
   0.75063937
699.           0.94420241  35.           0.78838006   0.75000215
   0.75      
700.           0.89791644  45.           0.81130161   0.77118671
   0.76424268
701.           0.92205304  32.           0.76555978   0.76232828
   0.76447911
702.           0.88165176  28.           0.81474073   0.77278358
   0.75049067
703.           0.91044271  29.           0.77441664   0.75
   0.75571393
704.           0.93584032  26.           0.76061802   0.7505236
   0.75200515
705.           0.92632025  28.           0.76663553   0.75
   0.75235366
706.           0.94936499  20.           0.78234757   0.75
   0.75      
707.           0.9201079   30.           0.76864919   0.76038369
   0.75      
708.           0.89439651  34.           0.8070775    0.76652264
   0.75421998
709.           0.91793473  36.           0.79402405   0.75290037
   0.75      
710.           0.90692528  31.           0.79652981   0.76037273
   0.75332796
711.           0.88855255  41.           0.80559544   0.76557522
   0.75      
712.           0.91887802  41.           0.78797836   0.75
   0.75      
713.           0.91321232  40.           0.78789512   0.75
   0.75105133
714.           0.86875466  32.           0.81000496   0.77162942
   0.752015  
715.           0.89376206  36.           0.79517248   0.75
   0.75      
716.           0.89312927  32.           0.79729171   0.75973942
   0.75042673
717.           0.91132616  31.           0.79137781   0.75147827
   0.75      
718.           0.92115992  37.           0.7887699    0.75269153
   0.75086704
719.           0.874983    22.           0.80955616   0.98454734
   0.75031534
720.           0.87578433  25.           0.82143919   0.97320094
   0.75139801
721.           0.92091406  38.           0.78620534   0.7523028
   0.75104648
722.           0.90248711  30.           0.79014143   0.75
   0.75      
723.           0.88679365  35.           0.79736569   0.75
   0.75      
724.           0.91318083  43.           0.80966929   0.78097773
   0.7751733 
725.           0.85338231  22.           0.84929371   0.93986072
   0.78510663
726.           0.94151051  39.           0.79767629   0.76370924
   0.75      
727.           0.96455668  37.           0.7871387    0.75027699
   0.7512161 
728.           0.96671943  31.           0.78691575   0.75
   0.75090262
729.           0.95040798  35.           0.7925976    0.75387325
   0.75      
730.           0.94459786  39.           0.8088781    0.83086943
   0.75      
731.           0.91254655  33.           0.82200819   0.8406344
   0.7505318 
732.           0.88930351  33.           0.83330181   0.8596786
   0.75      
733.           0.91235176  29.           0.82113265   0.85035032
   0.75      
734.           0.91717549  31.           0.81765792   0.84169042
   0.75302834
735.           0.90209217  34.           0.82574358   0.85472112
   0.75      
736.           0.91293505  38.           0.81986979   0.85174474
   0.75      
737.           0.93623321  36.           0.80772328   0.83165005
   0.7614704 
738.           0.90083269  44.           0.82220274   0.84137511
   0.75600372
739.           0.91340904  37.           0.817578     0.83544047
   0.78839542
740.           0.89084076  34.           0.82373845   0.84103064
   0.75329249
741.           0.89788032  39.           0.82198444   0.84074632
   0.76966357
742.           0.86650457  44.           0.83345264   0.82467836
   0.79862244
743.           0.88706718  36.           0.82507043   0.85136609
   0.75022662
744.           0.90277959  31.           0.81606278   0.84325178
   0.7507386 
745.           0.91233712  32.           0.80755577   0.8190626
   0.75450298
746.           0.91579427  36.           0.80855514   0.82782598
   0.7534882 
747.           0.89112235  39.           0.82171788   0.84698395
   0.75105223
748.           0.85771562  75.           0.84020708   0.86631446
   0.7539293 
749.           0.88502476  55.           0.82477111   0.85305618
   0.75      
750.           0.87158052  20.           0.85155138   0.91652487
   0.82334843
751.           0.87106884  45.           0.83299464   0.86600486
   0.75311217
7.52000000e+02 8.70057668e-01 3.90000000e+01 8.32949364e-01
 8.65900315e-01 7.50388120e-01
753.           0.87989351  41.           0.82541776   0.85265012
   0.75385782
7.54000000e+02 8.94327601e-01 4.90000000e+01 8.16315512e-01
 8.39828545e-01 7.50048543e-01
755.           0.88959184  49.           0.81737983   0.83427102
   0.75608992
756.           0.86550392  28.           0.85106917   0.92193401
   0.82356155
7.57000000e+02 8.73047299e-01 4.30000000e+01 8.26259873e-01
 8.52870419e-01 7.50000000e-01
7.58000000e+02 8.71396214e-01 3.60000000e+01 8.25011491e-01
 8.46295179e-01 7.50000000e-01
7.59000000e+02 8.89604909e-01 3.90000000e+01 8.14401744e-01
 8.33421427e-01 7.50000000e-01
760.           0.89538853  36.           0.81383304   0.83046616
   0.77351705
7.61000000e+02 9.17412250e-01 3.20000000e+01 8.02043640e-01
 8.25288788e-01 7.57442526e-01
7.62000000e+02 8.84539990e-01 4.30000000e+01 8.18920459e-01
 8.47422938e-01 7.50564867e-01
7.63000000e+02 9.01733328e-01 3.40000000e+01 8.07645694e-01
 8.29165619e-01 7.52616969e-01
7.64000000e+02 8.77633142e-01 3.40000000e+01 8.17852850e-01
 8.32591910e-01 7.50000000e-01
7.65000000e+02 8.81795838e-01 3.70000000e+01 8.17867959e-01
 8.37607566e-01 7.51109678e-01
7.66000000e+02 8.67644798e-01 3.60000000e+01 8.25519107e-01
 8.42942036e-01 7.50585842e-01
7.67000000e+02 8.77623845e-01 3.20000000e+01 8.23294034e-01
 8.48676355e-01 7.58689622e-01
7.68000000e+02 8.91894665e-01 3.70000000e+01 8.15396497e-01
 8.43760251e-01 7.50195894e-01
7.69000000e+02 8.88919166e-01 3.40000000e+01 8.15638055e-01
 8.38065277e-01 7.50847812e-01
7.70000000e+02 8.88845063e-01 3.80000000e+01 8.14799233e-01
 8.34603641e-01 7.50768653e-01
7.71000000e+02 9.08125098e-01 3.30000000e+01 8.06122656e-01
 8.28897250e-01 7.50000000e-01
7.72000000e+02 9.13653550e-01 3.50000000e+01 8.04328360e-01
 8.28608124e-01 7.54950445e-01
7.73000000e+02 9.12135386e-01 3.40000000e+01 8.04063564e-01
 8.22664768e-01 7.55614032e-01
7.74000000e+02 9.04934733e-01 3.30000000e+01 8.08608743e-01
 8.35124767e-01 7.50272912e-01
7.75000000e+02 9.21260370e-01 3.60000000e+01 7.98603780e-01
 8.17604543e-01 7.50734194e-01
7.76000000e+02 9.25409954e-01 2.70000000e+01 7.83595625e-01
 7.50000000e-01 7.50000000e-01
7.77000000e+02 9.33010264e-01 4.50000000e+01 7.93109449e-01
 8.13214846e-01 7.50000000e-01
7.78000000e+02 8.98777040e-01 4.30000000e+01 8.13068908e-01
 8.41840424e-01 7.50000000e-01
7.79000000e+02 9.09200833e-01 5.20000000e+01 8.09833683e-01
 8.41583562e-01 7.50136307e-01
7.80000000e+02 9.68328872e-01 4.40000000e+01 7.70108724e-01
 7.57689338e-01 7.50000000e-01
7.81000000e+02 9.69768647e-01 3.40000000e+01 7.69539986e-01
 7.51592817e-01 7.50117695e-01
7.82000000e+02 9.19537391e-01 3.50000000e+01 7.90738695e-01
 7.54158208e-01 7.63614946e-01
7.83000000e+02 9.39924544e-01 4.20000000e+01 7.94791963e-01
 8.11895495e-01 7.51602618e-01
7.84000000e+02 9.62406657e-01 3.20000000e+01 7.75336951e-01
 7.52308891e-01 7.51668592e-01
7.85000000e+02 9.41582278e-01 5.80000000e+01 7.81172976e-01
 7.50000000e-01 7.50000000e-01
7.86000000e+02 9.52793136e-01 4.90000000e+01 7.77227232e-01
 7.50000000e-01 7.51088464e-01
7.87000000e+02 9.56416390e-01 4.60000000e+01 7.77305658e-01
 7.52587556e-01 7.52154638e-01
7.88000000e+02 9.66424672e-01 4.20000000e+01 7.82944507e-01
 7.91144139e-01 7.60439881e-01
7.89000000e+02 9.45100888e-01 3.20000000e+01 7.83679986e-01
 7.50118304e-01 7.50978786e-01
7.90000000e+02 9.40818752e-01 2.80000000e+01 7.86423671e-01
 7.62963378e-01 7.50944771e-01
7.91000000e+02 7.65318407e-01 2.20000000e+01 9.25904239e-01
 9.98832687e-01 8.53445661e-01
7.92000000e+02 8.86512445e-01 3.20000000e+01 8.01668982e-01
 7.51492639e-01 7.50000000e-01
7.93000000e+02 9.22697184e-01 2.90000000e+01 7.86454340e-01
 7.50557758e-01 7.50000000e-01
7.94000000e+02 9.57751937e-01 2.50000000e+01 7.71899067e-01
 7.50000000e-01 7.50190450e-01
7.95000000e+02 9.23739708e-01 2.90000000e+01 7.83075932e-01
 7.50447147e-01 7.50000000e-01
7.96000000e+02 8.81866864e-01 3.40000000e+01 8.05751163e-01
 7.65290952e-01 7.51292950e-01
7.97000000e+02 9.17092165e-01 2.60000000e+01 7.86076295e-01
 7.50000000e-01 7.51194975e-01
7.98000000e+02 9.69558067e-01 2.10000000e+01 7.50000000e-01
 7.50000000e-01 7.50000000e-01
7.99000000e+02 9.35986856e-01 2.50000000e+01 7.81779580e-01
 7.50731252e-01 7.50000000e-01
8.00000000e+02 9.52932492e-01 2.70000000e+01 7.74762572e-01
 7.50000000e-01 7.50000000e-01
8.01000000e+02 9.48784770e-01 2.80000000e+01 7.76174946e-01
 7.50000000e-01 7.50000000e-01
8.02000000e+02 9.18060182e-01 2.90000000e+01 7.88008241e-01
 7.50607908e-01 7.50000000e-01
8.03000000e+02 9.61075612e-01 2.80000000e+01 7.72845458e-01
 7.50000000e-01 7.50000000e-01
8.04000000e+02 9.22901270e-01 2.90000000e+01 7.86077965e-01
 7.50559536e-01 7.50000000e-01
8.05000000e+02 8.88493669e-01 3.00000000e+01 7.98376469e-01
 7.50909224e-01 7.50000000e-01
8.06000000e+02 9.08154466e-01 3.30000000e+01 7.92882637e-01
 7.50000000e-01 7.50000000e-01
8.07000000e+02 9.39115880e-01 3.00000000e+01 7.80647428e-01
 7.50000000e-01 7.50799726e-01
8.08000000e+02 9.87993292e-01 2.40000000e+01 8.74984734e-01
 7.57066254e-01 7.50000000e-01
8.09000000e+02 9.66802825e-01 2.10000000e+01 7.72647025e-01
 7.50000000e-01 7.50000000e-01
8.10000000e+02 9.83622801e-01 2.40000000e+01 7.72334662e-01
 7.53545801e-01 7.50000000e-01
8.11000000e+02 9.92431124e-01 2.90000000e+01 7.77508732e-01
 8.12358011e-01 7.50000000e-01
8.12000000e+02 9.60945752e-01 3.40000000e+01 7.75374429e-01
 7.50000000e-01 7.50000000e-01
8.13000000e+02 9.34642146e-01 4.00000000e+01 7.87138680e-01
 7.50000000e-01 7.50000000e-01
8.14000000e+02 9.09447786e-01 2.90000000e+01 7.95864726e-01
 7.52994285e-01 7.50000000e-01
8.15000000e+02 9.97583555e-01 2.80000000e+01 8.16619728e-01
 8.64780936e-01 7.61845461e-01
8.16000000e+02 9.67246424e-01 1.70000000e+01 7.61982517e-01
 7.50000000e-01 7.50000000e-01
8.17000000e+02 9.53873821e-01 2.60000000e+01 7.64692394e-01
 7.50000000e-01 7.55038620e-01
8.18000000e+02 9.35717334e-01 4.20000000e+01 7.87303865e-01
 8.13695962e-01 7.59261506e-01
8.19000000e+02 9.34821396e-01 4.10000000e+01 7.76792627e-01
 7.50000000e-01 7.50000000e-01
8.20000000e+02 9.63626532e-01 2.10000000e+01 8.05158895e-01
 8.58884149e-01 9.51072415e-01
8.21000000e+02 9.95686742e-01 4.70000000e+01 8.24111950e-01
 8.43799629e-01 7.50111333e-01
8.22000000e+02 9.49183336e-01 5.80000000e+01 7.67233930e-01
 7.50000000e-01 7.50000000e-01
8.23000000e+02 9.22458988e-01 3.30000000e+01 7.81117440e-01
 7.52205003e-01 7.50000000e-01
8.24000000e+02 8.62702298e-01 3.80000000e+01 8.10497491e-01
 7.69498908e-01 7.50000000e-01
8.25000000e+02 9.36414346e-01 2.80000000e+01 7.74360382e-01
 7.50000000e-01 7.50000000e-01
8.26000000e+02 9.31909452e-01 2.90000000e+01 7.77383837e-01
 7.50666888e-01 7.50005889e-01
8.27000000e+02 9.58577063e-01 4.30000000e+01 7.66880967e-01
 7.50000000e-01 7.50216686e-01
8.28000000e+02 9.71218006e-01 4.70000000e+01 7.60926927e-01
 7.50550951e-01 7.50429133e-01
8.29000000e+02 9.73958786e-01 5.30000000e+01 7.59426570e-01
 7.50000000e-01 7.50813741e-01
8.30000000e+02 9.34183912e-01 3.40000000e+01 7.92765882e-01
 8.19685844e-01 7.60449590e-01
8.31000000e+02 9.59996446e-01 3.20000000e+01 7.65050151e-01
 7.50000000e-01 7.50000000e-01
8.32000000e+02 9.60709751e-01 6.30000000e+01 7.66098345e-01
 7.51358056e-01 7.50000000e-01
8.33000000e+02 9.75858196e-01 5.20000000e+01 7.59237978e-01
 7.50000000e-01 7.51518413e-01
8.34000000e+02 9.37677630e-01 3.20000000e+01 7.78398265e-01
 7.50175688e-01 7.50157775e-01
8.35000000e+02 9.43788737e-01 2.90000000e+01 7.75055953e-01
 7.50000000e-01 7.50000000e-01
8.36000000e+02 9.76919189e-01 3.00000000e+01 7.50000000e-01
 7.54014978e-01 7.50000000e-01
8.37000000e+02 9.51394037e-01 5.40000000e+01 7.69390701e-01
 7.50449173e-01 7.50709240e-01
8.38000000e+02 9.34242692e-01 4.90000000e+01 7.75594726e-01
 7.50289815e-01 7.50000000e-01
8.39000000e+02 9.28087426e-01 4.00000000e+01 7.80053354e-01
 7.50000000e-01 7.50000000e-01
8.40000000e+02 9.07539610e-01 2.50000000e+01 7.88237059e-01
 7.51601735e-01 7.50000000e-01
8.41000000e+02 9.04785505e-01 2.90000000e+01 7.88813999e-01
 7.50709385e-01 7.50000000e-01
8.42000000e+02 9.18490977e-01 5.40000000e+01 7.84684881e-01
 7.61008813e-01 7.51624540e-01
8.43000000e+02 8.97009138e-01 5.30000000e+01 7.92791701e-01
 7.52817977e-01 7.53975809e-01
8.44000000e+02 8.89687084e-01 3.40000000e+01 7.93642552e-01
 7.50000000e-01 7.57631974e-01
8.45000000e+02 9.73238424e-01 5.80000000e+01 7.83297176e-01
 8.22997601e-01 7.50000000e-01
8.46000000e+02 9.06846022e-01 3.80000000e+01 7.95708143e-01
 7.58079450e-01 7.50000000e-01
8.47000000e+02 9.25874308e-01 2.60000000e+01 8.36714016e-01
 8.98549877e-01 7.89674547e-01
8.48000000e+02 9.07827316e-01 4.50000000e+01 8.07772060e-01
 8.27201925e-01 7.50044678e-01
8.49000000e+02 9.01255436e-01 3.30000000e+01 8.13369683e-01
 8.46072094e-01 7.50028471e-01
8.50000000e+02 8.98429317e-01 3.50000000e+01 8.12595306e-01
 8.38187525e-01 7.50000000e-01
8.51000000e+02 8.40359926e-01 3.70000000e+01 8.47644118e-01
 8.73946693e-01 7.63536056e-01
8.52000000e+02 8.63937548e-01 3.40000000e+01 8.41829319e-01
 8.66479274e-01 7.62628140e-01
8.53000000e+02 9.45987851e-01 3.00000000e+01 7.99143758e-01
 8.24841322e-01 7.50000000e-01
8.54000000e+02 9.85360679e-01 3.00000000e+01 7.91986932e-01
 7.77271502e-01 7.54091318e-01
8.55000000e+02 9.85804342e-01 2.90000000e+01 7.93410616e-01
 7.83223826e-01 7.53651222e-01
8.56000000e+02 9.83877017e-01 2.70000000e+01 7.90186866e-01
 7.75235195e-01 7.57260837e-01
8.57000000e+02 9.25584535e-01 4.80000000e+01 8.07279495e-01
 7.67122133e-01 7.50684305e-01
8.58000000e+02 8.83762510e-01 3.50000000e+01 8.29750081e-01
 8.00143926e-01 7.50901062e-01
8.59000000e+02 8.97144235e-01 3.90000000e+01 8.19724549e-01
 7.84322596e-01 7.50000000e-01
8.60000000e+02 9.77884837e-01 2.30000000e+01 7.81220521e-01
 7.54304780e-01 7.50000000e-01
8.61000000e+02 9.72915439e-01 2.40000000e+01 7.82720343e-01
 7.50000000e-01 7.50000000e-01
8.62000000e+02 9.67620866e-01 2.70000000e+01 7.88518839e-01
 7.74043478e-01 7.58730260e-01
8.63000000e+02 9.52163742e-01 2.20000000e+01 7.87889278e-01
 7.50760362e-01 7.58880065e-01
8.64000000e+02 9.16246004e-01 2.70000000e+01 8.07179976e-01
 7.70602707e-01 7.50454097e-01
8.65000000e+02 8.57876738e-01 2.60000000e+01 8.37631444e-01
 7.95916082e-01 7.51209065e-01
8.66000000e+02 9.76634979e-01 3.30000000e+01 7.82289461e-01
 7.51124643e-01 7.51288276e-01
8.67000000e+02 9.85910221e-01 2.90000000e+01 7.87382088e-01
 7.82336098e-01 7.50002469e-01
8.68000000e+02 9.67923055e-01 4.70000000e+01 7.87547242e-01
 7.53267348e-01 7.50000000e-01
8.69000000e+02 9.22421792e-01 3.00000000e+01 8.06487628e-01
 7.66107764e-01 7.50084588e-01
8.70000000e+02 9.26545283e-01 2.20000000e+01 7.97350988e-01
 7.51347647e-01 7.50241342e-01
8.71000000e+02 8.99793928e-01 2.70000000e+01 8.13708347e-01
 7.72882791e-01 7.50000000e-01
8.72000000e+02 9.19603616e-01 2.40000000e+01 8.04111501e-01
 7.60988496e-01 7.50000000e-01
8.73000000e+02 9.74011347e-01 4.10000000e+01 7.76850385e-01
 7.51351622e-01 7.50777466e-01
8.74000000e+02 9.57464162e-01 3.20000000e+01 7.86779123e-01
 7.50000000e-01 7.50000000e-01
8.75000000e+02 9.48897896e-01 2.70000000e+01 7.90089355e-01
 7.50000000e-01 7.51412305e-01
8.76000000e+02 8.81926807e-01 3.10000000e+01 8.22219840e-01
 7.80220492e-01 7.50126222e-01
8.77000000e+02 9.17562866e-01 2.10000000e+01 8.04777995e-01
 7.64208503e-01 7.50000000e-01
8.78000000e+02 9.86480200e-01 2.80000000e+01 7.86010767e-01
 7.81207147e-01 7.50970789e-01
8.79000000e+02 9.74357740e-01 2.60000000e+01 7.83450378e-01
 7.50000000e-01 7.50000000e-01
8.80000000e+02 9.72832956e-01 2.70000000e+01 7.81782579e-01
 7.50000000e-01 7.50000000e-01
8.81000000e+02 9.50663474e-01 2.50000000e+01 7.90318953e-01
 7.50000000e-01 7.50052115e-01
8.82000000e+02 9.50694792e-01 4.70000000e+01 7.91055439e-01
 7.51957207e-01 7.53322235e-01
8.83000000e+02 9.61361730e-01 3.30000000e+01 7.84623006e-01
 7.50000000e-01 7.50000000e-01
8.84000000e+02 9.41115056e-01 2.70000000e+01 7.96139628e-01
 7.61789679e-01 7.53135542e-01
8.85000000e+02 9.29179761e-01 2.50000000e+01 8.01850037e-01
 7.61938414e-01 7.54358164e-01
8.86000000e+02 9.29352599e-01 4.10000000e+01 8.01031551e-01
 7.65773947e-01 7.54963959e-01
8.87000000e+02 9.36636118e-01 3.30000000e+01 7.96339436e-01
 7.58836828e-01 7.50000000e-01
8.88000000e+02 9.41778520e-01 3.40000000e+01 7.95215434e-01
 7.53291017e-01 7.50000000e-01
8.89000000e+02 9.28792700e-01 2.50000000e+01 8.00430872e-01
 7.61298243e-01 7.50000000e-01
8.90000000e+02 9.30721304e-01 2.20000000e+01 7.98075764e-01
 7.58712009e-01 7.50000000e-01
8.91000000e+02 9.20653183e-01 2.60000000e+01 8.05819603e-01
 7.70372308e-01 7.50296275e-01
8.92000000e+02 9.18300301e-01 2.20000000e+01 8.06700879e-01
 7.67099610e-01 7.50957524e-01
8.93000000e+02 9.06857283e-01 2.40000000e+01 8.13797235e-01
 7.75345564e-01 7.68405634e-01
8.94000000e+02 9.03995101e-01 2.10000000e+01 8.11320458e-01
 7.70778468e-01 7.50000000e-01
8.95000000e+02 9.04701176e-01 3.10000000e+01 8.13026567e-01
 7.74715028e-01 7.55702340e-01
8.96000000e+02 8.89348530e-01 2.10000000e+01 8.20143819e-01
 7.78982225e-01 7.51322290e-01
8.97000000e+02 8.94264037e-01 2.20000000e+01 8.15942602e-01
 7.76352937e-01 7.50000000e-01
8.98000000e+02 8.75829517e-01 2.20000000e+01 8.25807932e-01
 7.85080356e-01 7.50000000e-01
8.99000000e+02 8.84178724e-01 1.80000000e+01 8.19022392e-01
 7.80774465e-01 7.50000000e-01
9.00000000e+02 8.74386581e-01 1.90000000e+01 8.26157986e-01
 7.87296089e-01 7.50000000e-01
9.01000000e+02 8.63125660e-01 1.90000000e+01 8.31581106e-01
 7.90037630e-01 7.51000176e-01
9.02000000e+02 8.75452506e-01 2.40000000e+01 8.24857148e-01
 7.84105964e-01 7.52814117e-01
9.03000000e+02 8.77858388e-01 2.00000000e+01 8.23873856e-01
 7.84964715e-01 7.55089513e-01
9.04000000e+02 8.84506926e-01 1.80000000e+01 8.17536331e-01
 7.75900510e-01 7.50000000e-01
9.05000000e+02 8.76680035e-01 2.10000000e+01 8.22284661e-01
 7.82427619e-01 7.50000000e-01
9.06000000e+02 8.78503235e-01 2.80000000e+01 8.21538501e-01
 7.82180132e-01 7.54457694e-01
9.07000000e+02 8.78948538e-01 3.20000000e+01 8.19613800e-01
 7.77402839e-01 7.50000000e-01
9.08000000e+02 8.84410240e-01 2.30000000e+01 8.15655510e-01
 7.73598878e-01 7.50684032e-01
9.09000000e+02 8.88630040e-01 2.60000000e+01 8.14124206e-01
 7.73480737e-01 7.52090738e-01
9.10000000e+02 8.88803747e-01 2.20000000e+01 8.14874153e-01
 7.75939005e-01 7.50000000e-01
9.11000000e+02 8.78333574e-01 3.10000000e+01 8.21936911e-01
 7.80543953e-01 7.63262038e-01
9.12000000e+02 8.73855426e-01 2.70000000e+01 8.19616854e-01
 7.78644141e-01 7.50000000e-01
9.13000000e+02 8.76830967e-01 2.00000000e+01 8.17936260e-01
 7.80623770e-01 7.50242070e-01
9.14000000e+02 8.78924642e-01 2.30000000e+01 8.14742160e-01
 7.74603058e-01 7.50554366e-01
9.15000000e+02 8.81727231e-01 2.10000000e+01 8.17520024e-01
 7.81550334e-01 7.50373255e-01
9.16000000e+02 8.84911290e-01 2.70000000e+01 8.13855625e-01
 7.74319367e-01 7.55709017e-01
9.17000000e+02 8.81457044e-01 2.60000000e+01 8.14977494e-01
 7.77901481e-01 7.52770569e-01
9.18000000e+02 8.73119449e-01 2.50000000e+01 8.18545075e-01
 7.78659106e-01 7.53390441e-01
9.19000000e+02 8.63033503e-01 2.50000000e+01 8.23047316e-01
 7.83330765e-01 7.52229972e-01
9.20000000e+02 8.70774437e-01 2.60000000e+01 8.20322066e-01
 7.81913214e-01 7.56686764e-01
9.21000000e+02 8.69125896e-01 2.30000000e+01 8.20679135e-01
 7.79761393e-01 7.50000000e-01
9.22000000e+02 8.68145198e-01 2.30000000e+01 8.22050193e-01
 7.83592067e-01 7.50239917e-01
9.23000000e+02 8.62924627e-01 2.80000000e+01 8.24866866e-01
 7.87589176e-01 7.52207616e-01
9.24000000e+02 8.70832427e-01 2.30000000e+01 8.20493810e-01
 7.84422639e-01 7.54695506e-01
9.25000000e+02 8.86101371e-01 2.90000000e+01 8.12337328e-01
 7.72075993e-01 7.50000000e-01
9.26000000e+02 8.94535320e-01 3.30000000e+01 8.09081094e-01
 7.67825359e-01 7.51039443e-01
9.27000000e+02 9.35247634e-01 2.80000000e+01 7.90759594e-01
 7.51830660e-01 7.50000000e-01
9.28000000e+02 9.28853802e-01 3.10000000e+01 7.95297401e-01
 7.56573320e-01 7.50885593e-01
9.29000000e+02 9.59029932e-01 3.60000000e+01 7.82968426e-01
 7.50000000e-01 7.51109006e-01
9.30000000e+02 9.59906154e-01 2.50000000e+01 7.83059309e-01
 7.51991448e-01 7.51201309e-01
9.31000000e+02 9.78022669e-01 2.70000000e+01 7.75148485e-01
 7.50000000e-01 7.50000000e-01
9.32000000e+02 9.77871714e-01 3.20000000e+01 7.76586807e-01
 7.77021997e-01 7.50085507e-01
9.33000000e+02 9.61603185e-01 2.40000000e+01 7.75277571e-01
 7.50107250e-01 7.50000000e-01
9.34000000e+02 9.54376542e-01 3.60000000e+01 7.79176802e-01
 7.53841159e-01 7.50000000e-01
9.35000000e+02 9.04709093e-01 2.70000000e+01 8.02090303e-01
 7.68774017e-01 7.51996506e-01
9.36000000e+02 9.43215736e-01 2.90000000e+01 7.83701186e-01
 7.50000000e-01 7.50000000e-01
9.37000000e+02 8.83400844e-01 3.40000000e+01 8.14342316e-01
 7.79267522e-01 7.57542076e-01
9.38000000e+02 8.73647130e-01 4.60000000e+01 8.22393186e-01
 7.97219390e-01 7.58349583e-01
9.39000000e+02 9.26799205e-01 4.00000000e+01 7.91937666e-01
 7.54524074e-01 7.50000000e-01
9.40000000e+02 9.58327653e-01 2.00000000e+01 7.65997987e-01
 7.50000000e-01 7.59045653e-01
9.41000000e+02 9.87538942e-01 3.60000000e+01 7.60103335e-01
 7.93209893e-01 7.53731713e-01
9.42000000e+02 8.75971785e-01 3.30000000e+01 8.01305898e-01
 7.62298128e-01 7.72572551e-01
9.43000000e+02 8.89622208e-01 4.20000000e+01 7.60483664e-01
 7.50788745e-01 7.54289642e-01
9.44000000e+02 9.47665552e-01 2.10000000e+01 7.68173592e-01
 7.50000000e-01 7.50000000e-01
9.45000000e+02 9.05181242e-01 2.50000000e+01 7.93018552e-01
 7.54625928e-01 7.61487889e-01
9.46000000e+02 9.14426297e-01 2.60000000e+01 7.74035071e-01
 7.50000000e-01 7.50000000e-01
9.47000000e+02 9.16200400e-01 2.50000000e+01 7.70798772e-01
 7.50000000e-01 7.50000000e-01
9.48000000e+02 9.72427664e-01 4.20000000e+01 7.50000000e-01
 7.50000000e-01 7.50102771e-01
9.49000000e+02 9.12411023e-01 2.40000000e+01 7.75141135e-01
 7.50000000e-01 7.50000000e-01
9.50000000e+02 9.57404985e-01 1.80000000e+01 7.51858346e-01
 7.56716162e-01 7.50000000e-01
9.51000000e+02 8.93006067e-01 2.70000000e+01 7.50000000e-01
 7.91277020e-01 7.57927672e-01
9.52000000e+02 9.33849078e-01 2.00000000e+01 7.50000000e-01
 7.50000000e-01 7.50000000e-01
9.53000000e+02 9.24946827e-01 4.30000000e+01 7.73713538e-01
 8.11651967e-01 7.50000000e-01
9.54000000e+02 9.06722033e-01 2.50000000e+01 7.70836414e-01
 7.50000000e-01 7.50142825e-01
9.55000000e+02 8.88976748e-01 2.00000000e+01 7.50000000e-01
 7.50000000e-01 7.50000000e-01
9.56000000e+02 9.01018960e-01 2.30000000e+01 7.54709331e-01
 7.50000000e-01 7.53808916e-01
9.57000000e+02 8.88318848e-01 2.00000000e+01 7.50000000e-01
 7.50000000e-01 7.50000000e-01
9.58000000e+02 9.01742238e-01 2.50000000e+01 7.77100135e-01
 7.50000000e-01 7.50000000e-01
9.59000000e+02 9.00031383e-01 2.40000000e+01 7.50000000e-01
 7.65312116e-01 7.50000000e-01
9.60000000e+02 8.96354462e-01 3.30000000e+01 7.79461684e-01
 7.50000000e-01 7.50436549e-01
9.61000000e+02 9.01323789e-01 2.30000000e+01 7.77949540e-01
 7.52425500e-01 7.50000000e-01
9.62000000e+02 8.80404298e-01 3.00000000e+01 7.87095776e-01
 7.51728038e-01 7.60139609e-01
9.63000000e+02 8.95535159e-01 2.40000000e+01 7.50000000e-01
 7.50000000e-01 7.50000000e-01
9.64000000e+02 8.93216351e-01 3.30000000e+01 7.83119986e-01
 7.50000000e-01 7.51272619e-01
9.65000000e+02 8.98429680e-01 3.10000000e+01 7.50000000e-01
 7.52613458e-01 7.50000000e-01
9.66000000e+02 9.09159104e-01 2.30000000e+01 7.76154252e-01
 7.53621347e-01 7.50000000e-01
9.67000000e+02 8.96439765e-01 2.60000000e+01 7.81336249e-01
 7.52193165e-01 7.57040230e-01
9.68000000e+02 8.86755182e-01 2.60000000e+01 7.84157314e-01
 7.50000000e-01 7.54104578e-01
9.69000000e+02 8.88476886e-01 2.50000000e+01 7.83281418e-01
 7.50000000e-01 7.50000000e-01
9.70000000e+02 8.95205853e-01 2.60000000e+01 7.50000000e-01
 7.50000000e-01 7.50000000e-01
9.71000000e+02 8.93427007e-01 2.50000000e+01 7.82637350e-01
 7.50000000e-01 7.50000000e-01
9.72000000e+02 8.75776711e-01 2.50000000e+01 7.88963236e-01
 7.52450061e-01 7.50000000e-01
9.73000000e+02 8.82216722e-01 2.70000000e+01 7.85812528e-01
 7.50000000e-01 7.55219690e-01
9.74000000e+02 8.79563480e-01 2.20000000e+01 7.89224479e-01
 7.55550909e-01 7.50000000e-01
9.75000000e+02 8.66315136e-01 2.80000000e+01 7.94373554e-01
 7.55224779e-01 7.51199458e-01
9.76000000e+02 8.94122992e-01 2.70000000e+01 7.81365631e-01
 7.50000000e-01 7.52779879e-01
9.77000000e+02 8.79214068e-01 3.00000000e+01 7.85352928e-01
 7.50000000e-01 7.61833333e-01
9.78000000e+02 8.75337494e-01 2.70000000e+01 7.88758239e-01
 7.59989415e-01 7.61400935e-01
9.79000000e+02 8.65122854e-01 2.70000000e+01 8.06393044e-01
 7.64946774e-01 7.74921332e-01
9.80000000e+02 9.04433052e-01 2.40000000e+01 7.59211950e-01
 7.50000000e-01 7.86244030e-01
9.81000000e+02 9.02720140e-01 2.50000000e+01 7.55015415e-01
 7.50000000e-01 7.89000414e-01
9.82000000e+02 8.86288492e-01 2.60000000e+01 7.65647888e-01
 7.50000000e-01 7.50000000e-01
9.83000000e+02 8.86767433e-01 2.40000000e+01 7.66104765e-01
 7.50165425e-01 7.54584014e-01
9.84000000e+02 9.39492984e-01 2.90000000e+01 7.50165929e-01
 7.50000000e-01 7.50000000e-01
9.85000000e+02 9.16494728e-01 2.60000000e+01 7.80401827e-01
 7.50000000e-01 7.51507246e-01
9.86000000e+02 9.21333335e-01 2.60000000e+01 7.75069655e-01
 7.50000000e-01 7.50928928e-01
9.87000000e+02 8.81934334e-01 2.90000000e+01 7.96317261e-01
 7.55455466e-01 7.50000000e-01
9.88000000e+02 9.06906188e-01 4.80000000e+01 7.83336714e-01
 7.52621858e-01 7.50000000e-01
9.89000000e+02 9.07752858e-01 3.00000000e+01 7.82820569e-01
 7.51187391e-01 7.50000000e-01
9.90000000e+02 9.27348459e-01 2.20000000e+01 7.50000000e-01
 7.54271654e-01 7.50000000e-01
9.91000000e+02 9.26245481e-01 2.90000000e+01 7.50000000e-01
 7.52180177e-01 7.50365076e-01
9.92000000e+02 9.30968203e-01 2.40000000e+01 7.50000000e-01
 7.82025288e-01 7.50000000e-01
9.930000e+02 9.171182e-01 2.100000e+01 7.500000e-01 7.500000e-01
 7.500000e-01
9.94000000e+02 9.17822536e-01 2.40000000e+01 7.76593417e-01
 7.50000000e-01 7.52001436e-01
9.95000000e+02 8.85617996e-01 2.60000000e+01 7.58406233e-01
 7.50000000e-01 7.50000000e-01
9.96000000e+02 8.90344337e-01 3.70000000e+01 7.91515263e-01
 7.70030390e-01 7.51478588e-01
9.97000000e+02 9.03969878e-01 2.30000000e+01 7.81918210e-01
 7.50000000e-01 7.56968364e-01
9.98000000e+02 9.08135945e-01 2.50000000e+01 7.50818895e-01
 7.50000000e-01 7.50000000e-01
9.99000000e+02 9.11698781e-01 2.40000000e+01 7.79555402e-01
 7.50000000e-01 7.50000000e-01
1.00000000e+03 8.79421460e-01 2.50000000e+01 7.89274338e-01
 7.50000000e-01 7.50000000e-01
1.00100000e+03 8.70534331e-01 2.70000000e+01 7.98563984e-01
 7.57359113e-01 7.50000000e-01
1.00200000e+03 8.47194489e-01 2.70000000e+01 8.10687243e-01
 7.75051426e-01 7.51278532e-01
1.00300000e+03 9.00933322e-01 2.10000000e+01 7.50000000e-01
 7.50000000e-01 7.50000000e-01
1.00400000e+03 9.12810906e-01 3.60000000e+01 7.76202617e-01
 7.50000000e-01 7.51275884e-01
1.00500000e+03 8.89092797e-01 2.70000000e+01 7.84369850e-01
 7.50000000e-01 7.62798382e-01
1.00600000e+03 8.63468829e-01 2.50000000e+01 7.50000000e-01
 9.32996933e-01 7.50000000e-01
1.00700000e+03 9.07533685e-01 2.80000000e+01 7.75787850e-01
 7.51154380e-01 7.50000000e-01
1.00800000e+03 9.09969992e-01 2.80000000e+01 7.73863813e-01
 7.50000000e-01 7.52143284e-01
1.00900000e+03 9.20962797e-01 2.40000000e+01 7.71967372e-01
 7.50457514e-01 7.50000000e-01
1.01000000e+03 9.44075112e-01 2.00000000e+01 7.50000000e-01
 7.50000000e-01 7.50000000e-01
1.01100000e+03 9.26246023e-01 3.10000000e+01 7.67309422e-01
 7.50000000e-01 7.50000000e-01
1.01200000e+03 9.26115352e-01 2.40000000e+01 7.67095671e-01
 7.50000000e-01 7.50000000e-01
1.01300000e+03 9.09121839e-01 3.10000000e+01 7.75292536e-01
 7.50000000e-01 7.50000000e-01
1.01400000e+03 8.90889852e-01 2.70000000e+01 7.83194325e-01
 7.50000000e-01 7.50000000e-01
1.01500000e+03 9.07250570e-01 3.20000000e+01 7.75480234e-01
 7.50000000e-01 7.59029077e-01
1.01600000e+03 8.87521717e-01 2.60000000e+01 7.86422588e-01
 7.50000000e-01 7.50649900e-01
1.01700000e+03 8.64734406e-01 4.00000000e+01 8.17442043e-01
 7.76121322e-01 7.51855575e-01
1.01800000e+03 9.37950095e-01 2.30000000e+01 7.83304568e-01
 7.50000000e-01 7.57534071e-01
1.01900000e+03 9.33931018e-01 2.80000000e+01 7.85835332e-01
 7.50000000e-01 7.50000000e-01
1.02000000e+03 9.06190475e-01 3.30000000e+01 8.16230991e-01
 8.57583141e-01 7.50000000e-01
1.02100000e+03 9.33813572e-01 2.50000000e+01 7.84196219e-01
 7.55708211e-01 7.50000000e-01
1.02200000e+03 9.28228792e-01 2.40000000e+01 7.87167916e-01
 7.52950989e-01 7.50000000e-01
1.02300000e+03 9.61737255e-01 2.30000000e+01 7.74889101e-01
 7.50000000e-01 7.50000000e-01
1.02400000e+03 9.46062403e-01 2.70000000e+01 7.80609337e-01
 7.58214261e-01 7.50493571e-01
1.02500000e+03 9.65822177e-01 2.40000000e+01 7.73154018e-01
 7.50000000e-01 7.50000000e-01
1.02600000e+03 9.56497631e-01 2.80000000e+01 7.77162418e-01
 7.54402194e-01 7.50000000e-01
1.02700000e+03 9.26421354e-01 4.00000000e+01 8.07128757e-01
 8.49365314e-01 7.50000000e-01
1.02800000e+03 9.07753647e-01 3.30000000e+01 8.16297820e-01
 8.54750611e-01 7.59186219e-01
1.02900000e+03 9.07265217e-01 3.00000000e+01 8.12488214e-01
 8.42496446e-01 7.53000641e-01
1.03000000e+03 9.18590902e-01 3.50000000e+01 8.05740772e-01
 8.34430911e-01 7.50520335e-01
1.03100000e+03 9.18873447e-01 4.10000000e+01 8.08010960e-01
 8.45356574e-01 7.51189234e-01
1.03200000e+03 8.96652005e-01 3.40000000e+01 8.17285870e-01
 8.54741623e-01 7.50000000e-01
1.03300000e+03 8.99470924e-01 3.70000000e+01 8.13128580e-01
 8.42738547e-01 7.50534380e-01
1.03400000e+03 8.88021881e-01 4.40000000e+01 8.18358030e-01
 8.34358054e-01 7.84873411e-01
1.03500000e+03 8.65974271e-01 3.60000000e+01 8.31111350e-01
 8.68868834e-01 7.52356951e-01
1.03600000e+03 8.88114624e-01 4.30000000e+01 8.18944449e-01
 8.57672444e-01 7.54068396e-01
1.03700000e+03 8.69997901e-01 4.80000000e+01 8.28309592e-01
 8.66943358e-01 7.50000000e-01
1.03800000e+03 8.56395156e-01 3.90000000e+01 8.38954901e-01
 8.78919279e-01 7.65857309e-01
1.03900000e+03 8.35831565e-01 3.70000000e+01 8.51885728e-01
 8.87926062e-01 7.76431579e-01
1.04000000e+03 8.89898120e-01 2.90000000e+01 8.20252692e-01
 8.64646809e-01 7.50455261e-01
1.04100000e+03 9.04479472e-01 2.80000000e+01 7.93187960e-01
 7.61039596e-01 7.54102434e-01
1.04200000e+03 9.19073978e-01 4.30000000e+01 8.02218372e-01
 8.33966034e-01 7.55427939e-01
1.04300000e+03 9.21170880e-01 2.50000000e+01 7.85314872e-01
 7.52454052e-01 7.51229061e-01
1.04400000e+03 9.27047770e-01 3.60000000e+01 7.99430544e-01
 8.34770079e-01 7.50536067e-01
1.04500000e+03 8.94852768e-01 3.30000000e+01 8.16507101e-01
 8.55231321e-01 7.50000000e-01
1.04600000e+03 8.99812017e-01 3.70000000e+01 8.12330835e-01
 8.43383347e-01 7.50000000e-01
1.04700000e+03 9.16178787e-01 3.00000000e+01 8.05231832e-01
 8.40398068e-01 7.50000000e-01
1.04800000e+03 8.87640758e-01 3.10000000e+01 8.20786069e-01
 8.60061419e-01 7.50107814e-01
1.04900000e+03 9.36678222e-01 4.00000000e+01 8.47934223e-01
 7.88394305e-01 7.72834853e-01
1.05000000e+03 9.13687454e-01 3.90000000e+01 8.05129927e-01
 8.22285076e-01 7.65033792e-01
1.05100000e+03 9.05724628e-01 3.70000000e+01 8.10860613e-01
 8.40542425e-01 7.50564729e-01
1.05200000e+03 9.11182550e-01 4.20000000e+01 8.09257067e-01
 8.41169917e-01 7.50000000e-01
1.05300000e+03 9.20322553e-01 3.80000000e+01 8.03772958e-01
 8.23631039e-01 7.61952496e-01
1.05400000e+03 9.04382900e-01 3.20000000e+01 8.09396367e-01
 8.28622123e-01 7.50070861e-01
1.05500000e+03 8.70905178e-01 3.00000000e+01 8.30727204e-01
 8.37260789e-01 8.02900050e-01
1.05600000e+03 8.98470185e-01 2.60000000e+01 8.22482200e-01
 8.65864958e-01 7.55584544e-01
1.05700000e+03 9.39406015e-01 3.70000000e+01 8.03091828e-01
 8.43911212e-01 7.56663225e-01
1.05800000e+03 9.18842633e-01 3.80000000e+01 8.12996873e-01
 8.46394986e-01 7.62839884e-01
1.05900000e+03 9.29321761e-01 3.60000000e+01 8.06011943e-01
 8.32679985e-01 7.58856281e-01
1.06000000e+03 9.40141377e-01 3.20000000e+01 8.01452252e-01
 8.29447163e-01 7.53681360e-01
1.06100000e+03 9.43786888e-01 3.00000000e+01 7.79032428e-01
 7.50000000e-01 7.53101847e-01
1.06200000e+03 9.38379787e-01 3.80000000e+01 7.87775635e-01
 7.53736684e-01 7.50459217e-01
1.06300000e+03 9.49324685e-01 3.10000000e+01 7.82251360e-01
 7.50000000e-01 7.50000000e-01
1.06400000e+03 9.92786665e-01 3.00000000e+01 7.83521211e-01
 8.28875602e-01 7.50891668e-01
1.06500000e+03 9.48929918e-01 3.40000000e+01 7.85490616e-01
 7.56401783e-01 7.50000000e-01
1.06600000e+03 9.50238667e-01 3.20000000e+01 7.90109019e-01
 7.73232182e-01 7.60336538e-01
1.06700000e+03 9.18771595e-01 3.50000000e+01 8.12530849e-01
 8.26046106e-01 7.50740062e-01
1.06800000e+03 8.84734324e-01 3.10000000e+01 8.12013090e-01
 7.70436705e-01 7.53364895e-01
1.06900000e+03 9.56548819e-01 2.60000000e+01 7.74757841e-01
 7.50000000e-01 7.50000000e-01
1.07000000e+03 9.86912206e-01 2.80000000e+01 7.77395560e-01
 8.09717223e-01 7.51037568e-01
1.07100000e+03 9.15125547e-01 3.20000000e+01 7.95537600e-01
 7.56090722e-01 7.50000000e-01
1.07200000e+03 9.39396966e-01 2.60000000e+01 7.85434685e-01
 7.50000000e-01 7.50000000e-01
1.07300000e+03 9.54816191e-01 3.30000000e+01 7.80237363e-01
 7.56164054e-01 7.52755178e-01
1.07400000e+03 9.69098414e-01 3.90000000e+01 7.72129862e-01
 7.50000000e-01 7.51969587e-01
1.07500000e+03 9.47794354e-01 2.60000000e+01 7.82824784e-01
 7.55033753e-01 7.51791214e-01
1.07600000e+03 9.56880832e-01 2.60000000e+01 7.78628024e-01
 7.50000000e-01 7.50000000e-01
1.07700000e+03 9.44933610e-01 2.80000000e+01 7.84392257e-01
 7.55415299e-01 7.53145370e-01
1.07800000e+03 9.14636127e-01 2.70000000e+01 7.94709653e-01
 7.53113397e-01 7.52943703e-01
1.07900000e+03 9.45930610e-01 3.20000000e+01 7.93128023e-01
 8.02367940e-01 7.62517102e-01
1.08000000e+03 9.44505966e-01 3.40000000e+01 7.94083064e-01
 8.00294215e-01 7.62598272e-01
1.08100000e+03 9.49872412e-01 2.30000000e+01 7.79648748e-01
 7.50000000e-01 7.50000000e-01
1.08200000e+03 9.61885511e-01 2.60000000e+01 7.76063853e-01
 7.50204331e-01 7.50000000e-01
1.08300000e+03 9.79303462e-01 2.70000000e+01 7.71337709e-01
 7.50000000e-01 7.50000000e-01
1.08400000e+03 9.92561156e-01 5.50000000e+01 7.80085107e-01
 8.28467898e-01 7.50000000e-01
1.08500000e+03 9.75376513e-01 3.20000000e+01 7.72403426e-01
 7.54673627e-01 7.51088542e-01
1.08600000e+03 9.47039779e-01 2.30000000e+01 7.82541550e-01
 7.50000000e-01 7.50000000e-01
1.08700000e+03 9.54041528e-01 2.10000000e+01 7.83704520e-01
 7.50000000e-01 7.50000000e-01
1.08800000e+03 9.92334896e-01 2.40000000e+01 9.73160259e-01
 1.00000000e+00 8.03092446e-01
