0.9141386512565742
0.9055495766687535
0.9226560521878938
0.9125803635395962
0.9009912298562494
0.9094053072946437
0.9141995284644311
0.9303563195030775
0.9406093968232843
0.9328624264738412
0.9296727215561605
0.9312376564181999
0.9057991469917215
0.9193745527577033
0.9453938303911678
0.9446245357034959
0.9429395292931193
0.9346927451611327
0.9379076184539403
0.9322523209818849
0.9283326991871854
0.9332889875192792
0.9266191417693386
0.9221225385014581
0.9203657853101923
0.9210653355765495
0.9192717547735573
0.9187922177531151
0.9206455105653331
0.9189552124107602
0.9192539231383015
0.9126840946109092
0.913874697753657
0.9115525329963506
0.9142936742511781
0.9108351696568542
0.9098774873503761
0.9095122744788313
0.9135279775044601
0.9077882699031495
0.9051492316559737
0.9061512553412777
0.9250316907178869
0.9288188414659813
0.929684775041189
0.9271983806281576
0.9267411558607486
0.9264729568910759
0.922498038520597
0.9261225290112217
0.9230744345109148
0.9236032703456785
0.9231582838029796
0.9193307094931685
0.9188674387860718
0.9267367340266536
0.9211157476092398
0.9215499995287415
0.9193954173608688
0.9199839504725538
0.9298946357797684
0.9345792941398519
0.9310332946064056
0.9543370033196958
0.9402030048559687
0.9282605326451953
0.9290599858295128
0.9352694158706621
0.937637478240372
0.953907508592487
0.9555171993624719
0.9277899348240334
0.936701376143211
0.9251233576711861
0.9243066227316384
0.9268660292192068
0.9342695273117907
0.9360438755105595
0.9136473119507457
0.8955841734625624
0.915469732492873
0.9474942621818934
0.9564811623915067
0.9196458231666536
0.9258466095895319
0.9207286166050719
0.9338034382595312
0.9315285170572701
0.929671874535428
0.9151007477973971
0.9150228337859428
0.9149027232613721
0.9070055885244359
0.9214382193331296
0.9505191528632906
0.9093855588972537
0.9000976875418435
0.9020352878470385
0.9053689976885535
0.9106326903749926
0.9152687416867399
0.9138806447862934
0.9117941741005476
0.9147787762712057
0.9162805208802332
0.9247618069855723
0.9220858441747415
0.9218028797820902
0.9220523225037234
0.9161789364396792
0.9080451713963738
0.907454615827815
0.9114482573988649
0.9081720785531326
0.9034238163197009
0.9101965138428081
0.9042582672269674
0.9033753045326789
0.9107299487053996
0.9098888101510132
0.920280000654444
0.9013432061375745
0.9093584140055566
0.9210466320552295
0.93195439542036
0.9298852394904434
0.5379780066066663
0.9067369074269244
0.9487904674547618
0.9553883808970369
0.9265542999680624
0.9154603204583383
0.9150773344094506
0.9261555441474344
0.9373445707707149
0.9366889065272617
0.937637451808888
0.9274743649172648
0.9281274840214571
0.9339746814346006
0.922088273332698
0.9228869448354684
0.927418980431803
0.9195676854093153
0.911591487249464
0.9229541151249685
0.9222372471681927
0.9182957713714865
0.9201841911032131
0.9195785155262963
0.9224017189621079
0.9200049036718896
0.9203923696716922
0.9163611223502043
0.9204839083204797
0.9095613591608303
0.9104974284396398
0.9102718179742065
0.9155973902743723
0.9156017776226919
0.9129054534386207
0.9189175723240129
0.9178226441052222
0.9103170588492374
0.9198703019608103
0.9227417148719089
0.922684495146018
0.9162164471461282
0.9085513024626581
0.9114132899780094
0.9123467330649235
0.9147896964533889
0.914347929573408
0.9138175092226237
0.9111617635009364
0.9084289789911719
0.9070188301404631
0.9014294890218204
0.911455534780897
0.9056782533953394
0.9024748983137163
0.9027043246604346
0.905258197834331
0.9031624814881577
0.9034852530135329
0.9076045462802192
0.9047923808880884
0.911869670564474
0.9123087502006033
0.916418098983097
0.9117452901180259
0.9074116331237501
0.9079555824849062
0.9122606200143812
0.9061831897034234
0.9151901728448921
0.9199196030613707
0.9176225311861885
0.9255307594323241
0.9214491247237181
0.9133105717309231
0.9166320039359178
0.9181308226811887
0.9190563349335895
0.9188209034847534
0.9235856148321455
0.9584520910738682
0.9179638223462957
0.9247963186214431
0.9110642024983182
0.9118202471066122
0.9098708453466814
0.919976793315056
0.9209778180941582
0.9180396807374966
0.9126257912562011
0.9115548036840326
0.9127657014834519
0.9158754807383855
0.9162823727297849
0.9221705565211957
0.9219707441666651
0.9203446652868067
0.9274187920101551
0.9149045637745246
0.9170225541321494
0.9157643578885413
0.9178427456222858
0.9134038370864095
0.9162625874275048
0.915045298915196
0.9149928656921236
0.9227434303859074
0.8826310540823259
0.9037249023793905
0.9355910506365461
0.9395618521264886
0.9243673841121154
0.9318979818593023
0.9283895221055953
0.9203115109598085
0.9192021697476327
0.9260848854132097
0.9378715090323532
0.9364761493605398
0.9360594714838719
0.9327372561485756
0.9345773649615804
0.9346271484944234
0.9315094306977241
0.9334860446523965
0.9378662678920484
0.9428292479112639
0.9079227452235251
0.8988116590523927
0.9133657238696951
0.9015186560865797
0.9393181322989252
0.9326998085742977
0.9194160011648027
0.9175906340997338
0.9222901955099546
0.9194310733276728
0.922457004995443
0.9168894132902292
0.9048473792190546
0.8972570945129201
0.9239767366620324
0.9143862607397852
0.9127503269730501
0.9065936073319641
0.8966363292932059
0.906708708538538
0.918322633906356
0.9020187453550061
0.900849223067826
0.8958822266878277
0.8934712027067833
0.6256908248363026
0.8903621356371276
0.9018648012108931
0.9024847739066583
0.8943073558800987
0.8867414563193792
0.9176105130366263
0.9115891951097383
0.9139004271347864
0.9302261694987506
0.9249486710716246
0.9138630599269428
0.9237709674430298
0.9231450428842463
0.9160908865328123
0.907263364979184
0.9141511725807956
0.921482752979983
0.9248933070643863
0.9195426900624708
0.9335693578119282
0.9406784164132435
0.926320430248343
0.9333749655234701
0.9518421206411534
0.9462921186719534
0.9468520091692945
0.9418761199526913
0.9428006053987084
0.9404542712098682
0.9348508095532123
0.9363702010890309
0.9344755379283495
0.9284003643944948
0.9311852328805923
0.9250335132137885
0.9256823023250539
0.9250219776683863
0.9275695247846577
0.925215809428339
0.9206289372783267
0.9237812328535763
0.9232050589627969
0.9246405456635939
0.9218046403052411
0.9205331934852673
0.9187275780558702
0.9198611595432638
0.917159637243331
0.9172632903216698
0.9212489371975399
0.9153257478363159
0.914526707902069
0.9092547733897496
0.9076944326982137
0.9093078091019192
0.9103877572466501
0.9106112645480693
0.9091882419174667
0.9056882621860287
0.8922843614299024
0.9059006221922496
0.9071293496711315
0.9086721159296327
0.9097603467686077
0.9100555408831412
0.9230166565045376
0.9251531560191267
0.911152703655326
0.9076062769320528
0.9069632205913322
0.9090277417414455
0.9193358320827163
0.9273696760416623
0.92938417582358
0.9218691065344173
0.9463504378502803
0.9471655590181371
0.9622690552598463
0.9210995580592762
0.9212780403899574
0.9164932351986932
0.9268646822189601
0.9279545742791397
0.9028195210039798
0.9135591549916411
0.9024143248619098
0.9088626556024846
0.9058767299008553
0.9105422529031999
0.9124085019389088
0.9103391618392367
0.9160353535268878
0.9127556558192866
0.9128401711485389
0.9172117042791031
0.9282094444858457
0.8974520286452901
0.9130703871514219
0.9057877637976517
0.9092911464129195
0.9112507258814875
0.9148541371788301
0.9137125082995003
0.9194964922378895
0.9190603923412988
0.9160539924120001
0.9111640686160576
0.9159381119553908
0.9220773457424497
0.9185686465194232
0.9153748851754955
0.9134652372125539
0.9104701603052215
0.9139554285705284
0.9134627094009604
0.9132940541338976
0.9130335322940891
0.9166917973575622
0.9118665479819179
0.9019133962031385
0.9271815083709629
0.9319042788334023
0.9329951291661512
0.9335540587808213
0.9292009195917227
0.9228052896360146
0.920354616333012
0.9292697339137477
0.919207124002425
0.9257371200346372
0.920472777211748
0.9193661849501318
0.9199693948998141
0.9205799654099596
0.918293659059717
0.9161592698838017
0.9210743846554201
0.9206902877973855
0.9194303419698975
0.9166501653201163
0.9099476540145275
0.9137866771924488
0.9152078320776171
0.919971412105655
0.9121343639345932
0.9057714812077049
0.9082159918969103
0.9083884124899975
0.9091147970805895
0.9004257845085967
0.912500472562347
0.9042151201042884
0.9019679639714462
0.9143116081915212
0.9132663845649114
0.9124869933483173
0.9157641714193334
0.9198118072188053
0.926594047261652
0.923394920786107
0.9283177619899271
0.9275965712007618
0.9201029162031229
0.9211946374861801
0.9356162218815103
0.9283199789009127
0.9282595916535143
0.9343239057600107
0.9354518844488033
0.9284975119571777
0.9312564975143708
0.9337091061820361
0.9267554828350633
0.9333344635391865
0.9273726593928933
0.9146426643457792
0.9267098563381267
0.9298552109284768
0.9292043919783752
0.9312941329938527
0.9330935185893129
0.9304506050209078
0.932119443095622
0.9268152420551092
0.9261857581665749
0.9321952594453751
0.9340103080152131
0.9364144141685983
0.9340625085556008
0.9377158363595218
0.9259207002187888
0.9329154191497795
0.9313151003026992
0.938148604979122
0.9363384319690995
0.9378093799910183
0.9325574903835979
0.9315383144701407
0.9354155836199887
0.9313797891726621
0.9255901744348416
0.9269051792082541
0.9259027839566278
0.9386164553074935
0.9560394948930739
0.9491735422082979
0.9348634952691848
0.9212616702188092
0.9272045196554488
0.9337459365558213
0.9312254295193253
0.9340313301862623
0.9379348775273316
0.9378608671570814
0.9386337857492202
0.9458186345991924
0.937297242631946
0.9347044724127039
0.9329638420410334
0.9324150899601666
0.9345660144335779
0.9296067293759307
0.9255941244670689
0.9312078582640496
0.9345821276044695
0.9346330974719932
0.9443258916346139
0.942733993777041
0.9366455573399504
0.9397428001526908
0.9377097011110367
0.9241235633735072
0.9357275117772554
0.9357035895216645
0.9280307013648753
0.9171952773668366
0.9269209929495912
0.9176337718888595
0.9204375065391965
0.909983261129075
0.9153555020793785
0.9203042981589462
0.9205176096781813
0.9239631537272733
0.9151732681751601
0.9100822044010084
0.9105309276083717
0.9101673619804395
0.9055521803950435
0.9148291253934164
0.9035504413332229
0.9238181450893925
0.9266946719571285
0.926374449048698
0.9283637939180707
0.9339973164321468
0.9361702559678342
0.9330257703870446
0.9365506023081329
0.9299888990490726
0.9280252068576533
0.9257269385823215
0.9249076520265959
0.93147021174581
0.932282881395447
0.929195584388908
0.9323684937452142
0.9277183173004063
0.9043830356029303
0.9221824818624136
0.9314081378246089
0.9249268673734782
0.9167425483906286
0.911123486807649
0.9199410787735619
0.909780262044837
0.9108428068951329
0.9065344032934748
0.9115158942301742
0.9039674489741645
0.9112434625269337
0.9162793760365135
0.9200797689546334
0.8997365630526257
0.902001624598424
0.9070133137810463
0.9011286569984441
0.8987113866827137
0.8814699342980095
0.9203844743320959
0.9035676109110165
0.9154823961476865
0.9132404605666126
0.9184784418568552
0.9296375995671947
0.9347011551234937
0.9320030419634899
0.9328620592842471
0.9242177316598742
0.9337911224238586
0.9310859128158113
0.9286268931549675
0.9272447454393695
0.9148796045222514
0.8981845195726995
0.9294944690424625
0.9365033954705844
0.9379470868716466
0.95497532231847
0.9299213029544261
0.9388404686041335
0.9561524960381824
0.9604951173152839
0.9573366379643751
0.9538775833372828
0.9529697772340937
0.9507356947170622
0.9446867198489413
0.9474125321811846
0.9541018930700798
0.9441837472785943
0.9390571847889716
0.9350742936650984
0.9325085141536582
0.9238293609770301
0.9231178925098817
0.9159484348526726
0.9156708549468623
0.9221551322978845
0.9242462691538138
0.9193552745423323
0.917078193594464
0.9199410734220712
0.9218756393628535
0.9168449369978272
0.9218509137168149
0.9190569503253633
0.923633447792828
0.9224740212986415
0.9208126650156845
0.9135220174036599
0.9191543597828793
0.9159970552330329
0.9156238755393218
0.913727801399703
0.913751430376381
0.9165686373437276
0.9162779183942564
0.9154447129413501
0.9181082106837994
0.9117720245547226
0.9159434391813502
0.9179241716196358
0.9143326042319172
0.9115559972746827
0.917161215435246
0.9106742662636633
0.9290506589193017
0.9294771187629931
0.914710362963707
0.9142197445692282
0.9253168316880169
0.892909575004625
0.890008183128927
0.9126642332179561
0.9077931927272713
0.9187257641287361
0.9361828294748227
0.9141286252300934
0.9182651745504637
0.9139139612286987
0.9162661629311396
0.938812516027798
0.9557365417826532
0.9419308866635621
0.9243794705184937
0.9162217277263838
0.933489360735266
0.9201024661735353
0.9195153955476809
0.9182176557384523
0.9208664613157815
0.9085559871173889
0.9238900675175119
0.9278398411249209
0.9245315404472114
0.9050299077539072
0.9444676012606439
0.9149090127681774
0.9088795854782128
0.9089069509968795
0.9134176826060127
0.9106208779984473
0.9096356551697452
0.9142579981288566
0.9174708135656703
0.9182895648090816
0.9153549851239076
0.9184488844534457
0.9239368107588937
0.9178480095582306
0.9107134292372079
0.9131424764802596
0.908126025458923
0.9083022110690321
0.9069616943184691
0.914133979796228
0.91033979390548
0.9093613898840631
0.9110675125854587
0.9052997333440737
0.9056645168818596
0.9185998461900904
0.9049984382094228
0.9081048835314615
0.9204352683949459
0.9166845832567102
0.9169520156046188
0.9120462752895087
0.9186683514368239
0.9192401749425739
0.9083507473737029
0.9132723754098226
0.9029634962851268
0.9087358941039969
0.9166243605221109
0.9128504840394343
0.9224216422667009
0.9120713165161938
0.908074909165504
0.9140463257934527
0.9110544691590364
0.9053977445002903
0.9126392973510276
0.9086853542237454
0.8980774369415625
0.9035925200507069
0.9030600827115921
0.9072223308745564
0.9099003641438408
0.9052651187703608
0.9052991467960247
0.9099565663034622
0.9047419768316349
0.9008271464053846
0.9200873923487998
0.9043697670001121
0.9327970885056364
0.9384970016352465
0.9387220397263017
0.9338670260472285
0.9316668180836003
0.9229225900695452
0.9165696449905139
0.9230665869461818
0.9243232894188896
0.9203490314370628
0.9231806901543241
0.9288471211498173
0.9187216418906606
0.9217501160457142
0.9150145619836135
0.9174678135905925
0.908694881260333
0.9150226955599929
0.9197641785405435
0.9218524595769227
0.9225307277597568
0.9149519841906028
0.9051785964085253
0.9124270910288741
0.9091751427346821
0.908447325161754
0.9086355029525118
0.9113693184074648
0.9154455211085065
0.913869943309373
0.9080115094728638
0.9092976236153928
0.9092417187483328
0.9149730988255704
0.9171657573615377
0.9234094711241846
0.9137285281289369
0.9237786326093862
0.9175919859948287
0.9192902966207864
0.9154468464583507
0.9189521778639985
0.9178636855385611
0.9159711836626444
0.9162370344727115
0.9218324893012204
0.923766493203172
0.9233646188266477
0.9215429931649047
0.9261527566078168
0.9276918072011324
0.9296956918052846
0.921186920633323
0.9245091686460719
0.9393585402400502
0.9398425022200331
0.9278919575431059
0.9336310601985165
0.9367017351768856
0.9306789843575753
0.9333508661591166
0.9344387139652313
0.9347247808337831
0.9284633830993566
0.9277046938238089
0.8705175926868755
0.908793875445177
0.9146831237280428
0.9229200891296432
0.9144797540100531
0.9039998041736849
0.9134402968722686
0.926994280741422
0.9183638697711823
0.9226759922821476
0.9214161472939173
0.9138851239434571
0.9240984433752708
0.9150999370174183
0.90670481149379
0.9118098537525626
0.9192140572912871
0.9336479917923226
0.9254693461338158
0.9297655242872296
0.9333923661282759
0.9251135390791929
0.9190759924965652
0.9132935318393338
0.9366748975260384
0.9254552182824475
0.9220000888292067
0.9177817833064581
0.9168543909942467
0.9362691523271647
0.9338242740432218
0.9208155200551713
0.9142297018347778
0.8990217072265306
0.9182513630680699
0.917095510546373
0.9236337213421939
0.9265987541689172
0.9269875526824487
0.9179032167250896
0.923186932321264
0.9232533913122698
0.9271919664593684
0.9175010082433457
0.9189717163380446
0.9272899189411465
0.9209128207175235
0.9156583818893832
0.9139598808086036
0.9085300413760011
0.9077615042496114
0.9108439697020206
0.9048992240894473
0.9027821456340879
0.9280231623881491
0.9127341192443802
0.9180444864533511
0.9159417198203901
0.9150986953247187
0.9128065137377848
0.8964684964287613
0.9065249201679775
0.9299803811084377
0.940701076332572
0.939747950105753
0.9380995556550572
0.9225623951746689
0.9119237991503348
0.9161701185682516
0.9367621466636892
0.9347452321444438
0.9332260615120141
0.927884882328637
0.9322663178842401
0.9156757534107837
0.9521560740377308
0.9549872266086612
0.9488809232663151
0.9359596877196358
0.9366033769449065
0.9284873806201996
0.9339661689149409
0.9484339543334235
0.943631327950587
0.9411040813269911
0.9226811056888691
0.9352650805673188
0.955766062004063
0.9516103324233751
0.9507058605907852
0.9442654839878885
0.9443333787813654
0.9469161462164599
0.9414640665999703
0.9382429328773185
0.9383572457575045
0.9400089571546794
0.9434656710224425
0.9399522003087605
0.9404178922416866
0.9374414526059213
0.9365871261887045
0.9334400204006604
0.932139244324552
0.9322773458737496
0.9273588188720026
0.9286999266740914
0.9227717285068471
0.9252553737048537
0.922460021120143
0.9186938138137808
0.9227317818866776
0.9235129790635423
0.9252758834925421
0.9224566807107221
0.9153523399294976
0.9132447154381296
0.9150109434527431
0.9161210177188028
0.9161714115062436
0.9132263151345192
0.9114438491504725
0.9127317636711758
0.9133631991834772
0.9145629435569387
0.9156742704500077
0.9142757389762854
0.9117492009505499
0.9093721189616346
0.9121526881619222
0.9121514771854347
0.9124901273164363
0.9119076623803243
0.9152909672372064
0.9206613289852167
0.9238936288570403
0.9357733179438577
0.935143960058161
0.934787638195378
0.9331859960382634
0.9379777380302158
0.9375856494197343
0.9315685437140686
0.9287181412757404
0.9161726925824779
0.9313793575639627
0.9168875473664486
0.9078832914955448
0.9215156758568095
0.9192899904306314
0.9258606841488053
0.8977940503536221
0.9006805408255112
0.916269176704061
0.9075087491685464
0.9084994045927743
0.9092844315551759
0.922086947106547
0.9062468612828252
0.9201857673270022
0.9022688263013732
0.911291517316971
0.9099566250222471
0.9049541973259858
0.8991733640653868
0.902434512776024
0.8992284976617799
0.9034297104863919
0.9060588655838506
0.9108555701691625
0.912403410738895
0.906912209681849
0.9108025261330523
0.9108782403195478
0.9115256144611037
0.9141311298949397
0.910873939393394
0.9077798378982301
0.9090185320490738
0.9107531983054
0.9100489046233492
0.90500784774893
0.9067017994389972
0.9061092499001813
0.9015515203413111
0.9093707916764435
0.9048077432294805
0.9041259002824481
0.9034762336622633
0.9138448699751015
0.91350125493147
0.9061230817588535
0.9070195516968338
0.9205522287620804
0.9169310376864219
0.9178363863781299
0.9082170932295446
0.9151367952279619
0.9153279085490427
0.917716996224417
0.9172614381472157
0.9199758883345494
0.9148561874349909
0.9156397994073725
0.9060531513142625
0.9087796368519488
0.9117711375480588
0.9122963864392979
0.9140298659237402
0.9052739048711248
0.9033646034656028
0.8975280681940323
0.9097131190466723
0.9132810062587553
0.9064050603265696
0.9057430259587028
0.9115847372389542
0.9119574858070222
0.9150270716176285
0.9213687681133393
0.9155838432674555
0.9157210700750749
0.9106423425412189
0.9055907597546888
0.9109579266053116
0.905604302920133
0.9127964363469275
0.9347121308487766
0.9341897146933271
0.9265507722141734
0.9338256818497891
0.9328113610243096
0.9412734608397393
0.9368022187516478
0.9417439316699283
0.9391121403243331
0.9306696905402179
0.9250653963873388
0.9246737171758932
0.9273629091996712
0.9270716500737319
0.9202449382508584
0.9204383075259142
0.9167152271708732
0.9103551759687742
0.9170234012455163
0.9115625963318652
0.9083816832241216
0.9035061856322026
0.9205473872530606
0.9248508319658062
0.9285109173954214
0.9290465622245433
0.9299944095543935
0.9208713643637707
0.9224687338140412
0.9269651100369853
0.9194927663328601
0.9342532539951649
0.9262675169697592
0.9241085985879067
0.9259549134558799
0.9283728380528499
0.9237682827962921
0.9151228425378036
0.924051473031155
0.9352458031840147
0.9298570786315304
0.9325324627688514
0.9356245493162166
0.9367154368430222
0.9352408040614393
0.9384061506552503
0.9494443304525765
0.9384122357146804
0.9390104449785499
0.9261053752245052
0.9128194178440493
0.9263486348411074
0.9337475053555657
0.916056114338407
0.9223907589174946
0.9264966255662848
0.9302413254463652
0.9246537228058866
0.9267342306917585
0.924189804202569
0.9166113905309607
0.9250417208512193
0.9245791176867492
0.9246336543692726
0.9269630123311353
0.9313776201562433
0.9350222125084543
0.9306093326070637
0.9234323387109754
0.9254328432097312
0.9564396600713297
0.9215131330540274
0.9008998386778281
0.9165588483119056
0.9089251927159263
0.9131852408567964
0.9109013037670333
0.912391217488415
0.9203530741205815
0.9182023782519141
0.9185399565734456
0.9209405135533794
0.9082225723867373
0.9157170037278907
0.9146310213662237
0.9173673267409584
0.9163065014181009
0.9201790883904752
0.9185371634610775
0.9243147773877829
0.9041403581155124
0.9165440142361725
0.9247617078270549
0.9299851449302555
0.9212578102643096
0.921051452067055
0.9267779091706159
0.9320094260200694
0.9331773445772004
0.932330394997909
0.9373677940391418
0.9263730284476285
0.9174469240152785
0.9253792766433911
0.9264035237126147
0.9269234023727747
0.9220721876679271
0.9164545022846304
0.9188263689606024
0.9217713660203848
0.9196807034425735
0.9121058659700239
0.957394970177035
0.9161115089492942
0.9318414287274969
0.9266366795853865
0.9327693479002221
0.927223207646417
0.9387114883150933
0.9448196849031408
0.944305488711846
0.94176796137295
0.9242779373617246
0.9149115940693867
0.92376391257863
0.9332365129698751
0.9241992562774473
0.9290388597023495
0.922082890728555
0.9371845948308932
0.9119391763609518
0.9200539505443046
0.934189648633248
0.9312928986423099
0.9279029044477591
0.9255901038225047
0.9348554102273673
0.9340948344839175
0.9282406648026564
0.9328649420605015
0.9259986760590665
0.9182045253202252
0.9437726479074865
0.9378176506882842
0.9277004319501652
0.9439114813809848
0.944126342619442
0.9329871585333478
0.9376791814475921
0.9315448518757516
0.9319540999244594
0.9366591892592717
0.923499991933338
0.9222970522629576
0.9308390396909334
0.9292321067929855
0.9224108762509031
0.9301804618948553
0.929845746233319
0.9286807889679365
0.9318551144119622
0.9307455880888149
0.9324206795741836
0.9292651767905209
0.9277027664308178
0.9257866736119865
0.925435426514172
0.9152092501707174
0.9198881807544157
0.9257676762280056
0.9230248088366444
0.9181323971452433
0.9182843794986989
0.921125043835417
0.920923394166972
0.9189198433698441
0.9185364377075704
0.9155243405026138
0.9194437361796728
0.9207703494359742
0.918088039797302
0.915788890803657
0.9163368717232799
0.9196316292448492
0.9239013577874248
0.9238648233599721
0.9154893393935979
0.9154846736065225
0.9144161531993629
0.9124115314802873
0.9118555773942095
0.9128859186901024
0.9222972172493638
0.9210687790705447
0.9177883635475566
0.9427456254064966
0.9156973940242649
0.9198105122006202
0.9260948096774189
0.91888726240796
0.9168156309276317
0.922858695098322
0.9289158386265214
0.9161996090666212
0.927084130521536
0.9234726588275788
0.926536562261554
0.9090128181391937
0.8962925414497737
0.9194873238571275
0.9058806623524942
0.8980765928665333
0.9054428481402066
0.9065773997560823
0.9125916950299422
0.9158718784884861
0.9178425779272145
0.9101283688341646
0.9329530432536992
0.9076328147018767
0.9151816179812919
0.9287239299980325
0.9362276476822002
0.9274090007290928
0.9332673785202868
0.9297881732065706
0.9286923045434907
0.9358287527476636
0.9643129684736822
0.9336666070498638
0.916922530759306
0.9149743342047102
0.9136404945812255
0.915503644927897
0.9113861894234645
0.9091290277346422
0.909929018380198
0.9147931219930483
0.9267742579932895
0.9241233573724228
0.9203482002448276
0.9179258972346334
0.9181955012673971
0.9132639797111768
0.9131470751841622
0.9159383267540495
0.9105513855568248
0.9143305186649826
0.9138278036249174
0.9184017200838007
0.9057762983443649
0.9339753155496804
0.9066130420574424
0.9190912087444735
0.9272873976113405
0.9288352328438773
0.9245289851296912
0.9152453771674665
0.9182066739911103
0.9306074107156459
0.9238776208101166
0.9263275290937575
0.9221540332103619
0.9243720980086826
0.9206781607047714
0.9207835227077827
0.918453675698656
0.9243347827542138
0.9311832615733598
0.9005532630338512
0.9037105743475489
0.9148854534154185
0.9075641616375651
0.9138917392456309
0.9091958434880434
0.9109539314166994
0.9075691147786228
0.9031780874719954
0.9132610280551395
0.9076074506480749
0.9113152179349095
0.9080561612558774
0.9123916673508587
0.9042963836273652
0.9076552767940871
0.8980957222259373
0.8932073618106886
0.9074185303599676
0.9110507178359467
0.9079401642475161
0.9074509683364869
0.9092985496251359
0.9044544691449203
0.9101260647234641
0.9148645184074875
0.8988326042339467
0.8961938943816954
0.8948477411511441
0.8969802878385384
0.8910669087976768
0.8878460031287013
0.894238190734611
0.8933834204685497
0.89594238808384
0.9011697403676227
0.8836377503149643
0.8898791709089795
0.8911901614864123
0.8850031003612945
0.8807825093372443
0.8745588528427992
0.8851158277397406
0.9109465899134587
0.9117101589425003
0.9128109526794463
0.9090476165636261
0.9186856763405623
0.9110728600968134
0.9142036777648178
0.9098451041452059
0.9169508007511252
0.9210383097510215
0.9189431346334256
0.9204269058913787
0.9105156116712463
0.914727220179661
0.9178159991288264
0.9104436669217967
0.9224565510107159
0.9221370383598455
0.9224120589342384
0.9189660706111686
0.922310322438485
0.9175173696636669
0.9332790055744558
0.9309131256854299
0.9243539242425292
0.9245756926046136
0.9199949389963797
0.9040430755909475
0.9058536550686819
0.9152755672332757
0.9131062119566176
0.9156841538126832
0.9182804705413367
0.8904759272503104
0.9144111226761021
0.9127229874657018
0.9226524073690803
0.9195918496509172
0.928158718509065
0.9229262313155087
0.9391627413314426
0.9257431058319212
0.9177733040019344
0.9178962355360258
0.9258188848490303
0.943356692531849
0.933154113290009
0.9140484562986988
0.9136768573420836
0.908457339907619
0.9145333233403765
0.8999192097694244
0.9038080022896956
0.9118545254834391
0.9186261083499303
0.918237973254382
0.9205075820961178
0.9225709023935
0.9197539686079221
0.9182567757071436
0.9154168713657016
0.9180899862613241
0.9130952663144548
0.92760929018833
0.9262137715246118
0.9223651841715824
0.9263907147784884
0.9257109347068944
0.9297191101071409
0.9252065791591095
0.9305553055421055
0.9238814996458573
0.9098808359674306
0.9255154548651905
0.9224916033819648
0.9309454781011124
0.9305099083115581
0.9347347217327402
0.9350559776915518
0.9263613126199055
0.9320162223133057
0.9229038152540923
0.9146467268638072
0.9230439082408978
0.9301460858814221
0.9282162876508927
0.9230422080951555
0.925121259162834
0.9238115494523984
0.9177635436157424
0.9103333238369442
0.9080853727108277
0.8897900127335312
0.9021154995823748
0.9148237749506213
0.9226804575866352
0.9244514680133642
0.9467973069620562
0.9363672202672952
0.928498932051621
0.9221560329810488
0.9154573318239642
0.9224394408999141
0.9058859827001136
0.9154985842189137
0.9154672105550212
0.916332996369922
0.9036178686537959
0.9157050675027733
0.9247622151774548
